
Learned factor graph:						Learned factor graph:
#####################						#####################
2								2

1								1
0 								0 
2 								2 
2								2
0   0.495659364523						0   0.495659364523
1   0.504340635477						1   0.504340635477

2								2
0 1 								0 1 
2 2 								2 2 
4								4
0    0.51088480644						0    0.51088480644
1   0.894528057591						1   0.894528057591
2    0.48911519356						2    0.48911519356
3   0.105471942409						3   0.105471942409

Learned factor graph:						Learned factor graph:
#####################						#####################
2								2

1								1
0 								0 
2 								2 
2								2
0  0.0747786855816						0  0.0747786855816
1   0.925221314418						1   0.925221314418

2								2
0 1 								0 1 
2 2 								2 2 
4								4
0   0.222341289908						0   0.222341289908
1    0.74427532472						1    0.74427532472
2   0.777658710092						2   0.777658710092
3    0.25572467528						3    0.25572467528

Learned factor graph:						Learned factor graph:
#####################						#####################
2								2

1								1
0 								0 
2 								2 
2								2
0   0.127826382928						0   0.127826382928
1   0.872173617072						1   0.872173617072

2								2
0 1 								0 1 
2 2 								2 2 
4								4
0   0.547379147868						0   0.547379147868
1   0.727678355055						1   0.727678355055
2   0.452620852132						2   0.452620852132
3   0.272321644945						3   0.272321644945

Learned factor graph:						Learned factor graph:
#####################						#####################
2								2

1								1
0 								0 
2 								2 
2								2
0    0.17559187064						0    0.17559187064
1    0.82440812936						1    0.82440812936

2								2
0 1 								0 1 
2 2 								2 2 
4								4
0   0.694099352638						0   0.694099352638
1   0.706571066125						1   0.706571066125
2   0.305900647362						2   0.305900647362
3   0.293428933875						3   0.293428933875

Learned factor graph:						Learned factor graph:
#####################						#####################
2								2

1								1
0 								0 
2 								2 
2								2
0   0.110586654235						0   0.110586654235
1   0.889413345765						1   0.889413345765

2								2
0 1 								0 1 
2 2 								2 2 
4								4
0   0.681407549998						0   0.681407549998
1   0.707264465612						1   0.707264465612
2   0.318592450002						2   0.318592450002
3   0.292735534388						3   0.292735534388

Learned factor graph:						Learned factor graph:
#####################						#####################
2								2

1								1
0 								0 
2 								2 
2								2
0    0.25781416444						0    0.25781416444
1    0.74218583556						1    0.74218583556

2								2
0 1 								0 1 
2 2 								2 2 
4								4
0   0.804421700276						0   0.804421700276
1   0.669433470629						1   0.669433470629
2   0.195578299724						2   0.195578299724
3   0.330566529371						3   0.330566529371

Learned factor graph:						Learned factor graph:
#####################						#####################
2								2

1								1
0 								0 
2 								2 
2								2
0  0.0558149400666						0  0.0558149400666
1   0.944185059933						1   0.944185059933

2								2
0 1 								0 1 
2 2 								2 2 
4								4
0   0.478058488113						0   0.478058488113
1    0.71819134813						1    0.71819134813
2   0.521941511887						2   0.521941511887
3    0.28180865187						3    0.28180865187

Learned factor graph:						Learned factor graph:
#####################						#####################
2								2

1								1
0 								0 
2 								2 
2								2
0  0.0899219555348						0  0.0899219555348
1   0.910078044465						1   0.910078044465

2								2
0 1 								0 1 
2 2 								2 2 
4								4
0   0.501153566287						0   0.501153566287
1   0.724843747549						1   0.724843747549
2   0.498846433713						2   0.498846433713
3   0.275156252451						3   0.275156252451

Learned factor graph:						Learned factor graph:
#####################						#####################
2								2

1								1
0 								0 
2 								2 
2								2
0   0.161300518073						0   0.161300518073
1   0.838699481927						1   0.838699481927

2								2
0 1 								0 1 
2 2 								2 2 
4								4
0   0.691800844829						0   0.691800844829
1   0.706805505921						1   0.706805505921
2   0.308199155171						2   0.308199155171
3   0.293194494079						3   0.293194494079

Learned factor graph:						Learned factor graph:
#####################						#####################
2								2

1								1
0 								0 
2 								2 
2								2
0  0.0585815369741						0  0.0585815369741
1   0.941418463026						1   0.941418463026

2								2
0 1 								0 1 
2 2 								2 2 
4								4
0   0.815970537887						0   0.815970537887
1   0.697199226365						1   0.697199226365
2   0.184029462113						2   0.184029462113
3   0.302800773635						3   0.302800773635

Learned factor graph:						Learned factor graph:
#####################						#####################
2								2

1								1
0 								0 
2 								2 
2								2
0  0.0223051745852						0  0.0223051745852
1   0.977694825415						1   0.977694825415

2								2
0 1 								0 1 
2 2 								2 2 
4								4
0   0.492527809326						0   0.492527809326
1   0.709618853923						1   0.709618853923
2   0.507472190674						2   0.507472190674
3   0.290381146077						3   0.290381146077

Learned factor graph:						Learned factor graph:
#####################						#####################
2								2

1								1
0 								0 
2 								2 
2								2
0  0.0348990021509						0  0.0348990021509
1   0.965100997849						1   0.965100997849

2								2
0 1 								0 1 
2 2 								2 2 
4								4
0   0.644359687305						0   0.644359687305
1    0.70665406387						1    0.70665406387
2   0.355640312695						2   0.355640312695
3    0.29334593613						3    0.29334593613

Learned factor graph:						Learned factor graph:
#####################						#####################
2								2

1								1
0 								0 
2 								2 
2								2
0  0.0299539523735						0  0.0299539523735
1   0.970046047626						1   0.970046047626

2								2
0 1 								0 1 
2 2 								2 2 
4								4
0   0.297649070246						0   0.297649070246
1    0.71773178124						1    0.71773178124
2   0.702350929754						2   0.702350929754
3    0.28226821876						3    0.28226821876

Learned factor graph:						Learned factor graph:
#####################						#####################
2								2

1								1
0 								0 
2 								2 
2								2
0  0.0627728812399						0  0.0627728812399
1    0.93722711876						1    0.93722711876

2								2
0 1 								0 1 
2 2 								2 2 
4								4
0   0.291615365342						0   0.291615365342
1   0.732826700221						1   0.732826700221
2   0.708384634658						2   0.708384634658
3   0.267173299779						3   0.267173299779

Learned factor graph:						Learned factor graph:
#####################						#####################
2								2

1								1
0 								0 
2 								2 
2								2
0  0.0173913660554						0  0.0173913660554
1   0.982608633945						1   0.982608633945

2								2
0 1 								0 1 
2 2 								2 2 
4								4
0   0.628485303334						0   0.628485303334
1   0.705858890963						1   0.705858890963
2   0.371514696666						2   0.371514696666
3   0.294141109037						3   0.294141109037

Learned factor graph:						Learned factor graph:
#####################						#####################
2								2

1								1
0 								0 
2 								2 
2								2
0   0.101336350211						0   0.101336350211
1   0.898663649789						1   0.898663649789

2								2
0 1 								0 1 
2 2 								2 2 
4								4
0   0.682953438346						0   0.682953438346
1   0.706821545548						1   0.706821545548
2   0.317046561654						2   0.317046561654
3   0.293178454452						3   0.293178454452

Learned factor graph:						Learned factor graph:
#####################						#####################
2								2

1								1
0 								0 
2 								2 
2								2
0  0.0979422641309						0  0.0979422641309
1   0.902057735869						1   0.902057735869

2								2
0 1 								0 1 
2 2 								2 2 
4								4
0   0.648879695921						0   0.648879695921
1   0.710498472604						1   0.710498472604
2   0.351120304079						2   0.351120304079
3   0.289501527396						3   0.289501527396

Learned factor graph:						Learned factor graph:
#####################						#####################
2								2

1								1
0 								0 
2 								2 
2								2
0   0.598425209307						0   0.598425209307
1   0.401574790693						1   0.401574790693

2								2
0 1 								0 1 
2 2 								2 2 
4								4
0   0.949067367291						0   0.949067367291
1   0.340302762019						1   0.340302762019
2  0.0509326327087						2  0.0509326327087
3   0.659697237981						3   0.659697237981

Learned factor graph:						Learned factor graph:
#####################						#####################
2								2

1								1
0 								0 
2 								2 
2								2
0  0.0883966677445						0  0.0883966677445
1   0.911603332255						1   0.911603332255

2								2
0 1 								0 1 
2 2 								2 2 
4								4
0   0.824995998171						0   0.824995998171
1   0.692430176549						1   0.692430176549
2   0.175004001829						2   0.175004001829
3   0.307569823451						3   0.307569823451

Learned factor graph:						Learned factor graph:
#####################						#####################
2								2

1								1
0 								0 
2 								2 
2								2
0   0.244544220987						0   0.244544220987
1   0.755455779013						1   0.755455779013

2								2
0 1 								0 1 
2 2 								2 2 
4								4
0   0.773702379796						0   0.773702379796
1   0.681796978981						1   0.681796978981
2   0.226297620204						2   0.226297620204
3   0.318203021019						3   0.318203021019

Learned factor graph:						Learned factor graph:
#####################						#####################
2								2

1								1
0 								0 
2 								2 
2								2
0  0.0295407226695						0  0.0295407226695
1    0.97045927733						1    0.97045927733

2								2
0 1 								0 1 
2 2 								2 2 
4								4
0   0.567212065602						0   0.567212065602
1   0.708812409814						1   0.708812409814
2   0.432787934398						2   0.432787934398
3   0.291187590186						3   0.291187590186

Learned factor graph:						Learned factor graph:
#####################						#####################
2								2

1								1
0 								0 
2 								2 
2								2
0   0.146164408354						0   0.146164408354
1   0.853835591646						1   0.853835591646

2								2
0 1 								0 1 
2 2 								2 2 
4								4
0   0.673202054547						0   0.673202054547
1   0.709759860623						1   0.709759860623
2   0.326797945453						2   0.326797945453
3   0.290240139377						3   0.290240139377

Learned factor graph:						Learned factor graph:
#####################						#####################
2								2

1								1
0 								0 
2 								2 
2								2
0  0.0208631895671						0  0.0208631895671
1   0.979136810433						1   0.979136810433

2								2
0 1 								0 1 
2 2 								2 2 
4								4
0   0.343122423948						0   0.343122423948
1   0.712780162611						1   0.712780162611
2   0.656877576052						2   0.656877576052
3   0.287219837389						3   0.287219837389

Learned factor graph:						Learned factor graph:
#####################						#####################
2								2

1								1
0 								0 
2 								2 
2								2
0  0.0110419188373						0  0.0110419188373
1   0.988958081163						1   0.988958081163

2								2
0 1 								0 1 
2 2 								2 2 
4								4
0   0.404535871835						0   0.404535871835
1   0.708308728052						1   0.708308728052
2   0.595464128165						2   0.595464128165
3   0.291691271948						3   0.291691271948

Learned factor graph:						Learned factor graph:
#####################						#####################
2								2

1								1
0 								0 
2 								2 
2								2
0  0.0297422218886						0  0.0297422218886
1   0.970257778111						1   0.970257778111

2								2
0 1 								0 1 
2 2 								2 2 
4								4
0    0.57172648752						0    0.57172648752
1   0.708694405726						1   0.708694405726
2    0.42827351248						2    0.42827351248
3   0.291305594274						3   0.291305594274

Learned factor graph:						Learned factor graph:
#####################						#####################
2								2

1								1
0 								0 
2 								2 
2								2
0  0.0403903730335						0  0.0403903730335
1   0.959609626967						1   0.959609626967

2								2
0 1 								0 1 
2 2 								2 2 
4								4
0   0.134674672073						0   0.134674672073
1   0.729474072565						1   0.729474072565
2   0.865325327927						2   0.865325327927
3   0.270525927435						3   0.270525927435

Learned factor graph:						Learned factor graph:
#####################						#####################
2								2

1								1
0 								0 
2 								2 
2								2
0   0.225620339151						0   0.225620339151
1   0.774379660849						1   0.774379660849

2								2
0 1 								0 1 
2 2 								2 2 
4								4
0   0.795908170869						0   0.795908170869
1   0.677526980677						1   0.677526980677
2   0.204091829131						2   0.204091829131
3   0.322473019323						3   0.322473019323

Learned factor graph:						Learned factor graph:
#####################						#####################
2								2

1								1
0 								0 
2 								2 
2								2
0   0.106752507296						0   0.106752507296
1   0.893247492704						1   0.893247492704

2								2
0 1 								0 1 
2 2 								2 2 
4								4
0   0.608994233203						0   0.608994233203
1   0.715949754116						1   0.715949754116
2   0.391005766797						2   0.391005766797
3   0.284050245884						3   0.284050245884

Learned factor graph:						Learned factor graph:
#####################						#####################
2								2

1								1
0 								0 
2 								2 
2								2
0  0.0533949867272						0  0.0533949867272
1   0.946605013273						1   0.946605013273

2								2
0 1 								0 1 
2 2 								2 2 
4								4
0   0.526841339805						0   0.526841339805
1   0.714730398038						1   0.714730398038
2   0.473158660195						2   0.473158660195
3   0.285269601962						3   0.285269601962

Learned factor graph:						Learned factor graph:
#####################						#####################
2								2

1								1
0 								0 
2 								2 
2								2
0  0.0498639949018						0  0.0498639949018
1   0.950136005098						1   0.950136005098

2								2
0 1 								0 1 
2 2 								2 2 
4								4
0   0.643252797594						0   0.643252797594
1   0.707693455378						1   0.707693455378
2   0.356747202406						2   0.356747202406
3   0.292306544622						3   0.292306544622

Learned factor graph:						Learned factor graph:
#####################						#####################
2								2

1								1
0 								0 
2 								2 
2								2
0   0.438862493711						0   0.438862493711
1   0.561137506289						1   0.561137506289

2								2
0 1 								0 1 
2 2 								2 2 
4								4
0   0.974777068299						0   0.974777068299
1   0.492668940173						1   0.492668940173
2  0.0252229317012						2  0.0252229317012
3   0.507331059827						3   0.507331059827

Learned factor graph:						Learned factor graph:
#####################						#####################
2								2

1								1
0 								0 
2 								2 
2								2
0  0.0169857082548						0  0.0169857082548
1   0.983014291745						1   0.983014291745

2								2
0 1 								0 1 
2 2 								2 2 
4								4
0   0.583743676098						0   0.583743676098
1   0.706689045811						1   0.706689045811
2   0.416256323902						2   0.416256323902
3   0.293310954189						3   0.293310954189

Learned factor graph:						Learned factor graph:
#####################						#####################
2								2

1								1
0 								0 
2 								2 
2								2
0  0.0644132238608						0  0.0644132238608
1   0.935586776139						1   0.935586776139

2								2
0 1 								0 1 
2 2 								2 2 
4								4
0   0.612965141674						0   0.612965141674
1   0.710838600508						1   0.710838600508
2   0.387034858326						2   0.387034858326
3   0.289161399492						3   0.289161399492

Learned factor graph:						Learned factor graph:
#####################						#####################
2								2

1								1
0 								0 
2 								2 
2								2
0   0.124848346366						0   0.124848346366
1   0.875151653634						1   0.875151653634

2								2
0 1 								0 1 
2 2 								2 2 
4								4
0    0.55991891853						0    0.55991891853
1   0.725252883699						1   0.725252883699
2    0.44008108147						2    0.44008108147
3   0.274747116301						3   0.274747116301

Learned factor graph:						Learned factor graph:
#####################						#####################
2								2

1								1
0 								0 
2 								2 
2								2
0  0.0165570799223						0  0.0165570799223
1   0.983442920078						1   0.983442920078

2								2
0 1 								0 1 
2 2 								2 2 
4								4
0   0.487994962887						0   0.487994962887
1   0.708437873284						1   0.708437873284
2   0.512005037113						2   0.512005037113
3   0.291562126716						3   0.291562126716

Learned factor graph:						Learned factor graph:
#####################						#####################
2								2

1								1
0 								0 
2 								2 
2								2
0  0.0259968837567						0  0.0259968837567
1   0.974003116243						1   0.974003116243

2								2
0 1 								0 1 
2 2 								2 2 
4								4
0   0.605206451792						0   0.605206451792
1   0.707208682088						1   0.707208682088
2   0.394793548208						2   0.394793548208
3   0.292791317912						3   0.292791317912

Learned factor graph:						Learned factor graph:
#####################						#####################
2								2

1								1
0 								0 
2 								2 
2								2
0  0.0566840724635						0  0.0566840724635
1   0.943315927537						1   0.943315927537

2								2
0 1 								0 1 
2 2 								2 2 
4								4
0   0.793379874077						0   0.793379874077
1   0.698839852025						1   0.698839852025
2   0.206620125923						2   0.206620125923
3   0.301160147975						3   0.301160147975

Learned factor graph:						Learned factor graph:
#####################						#####################
2								2

1								1
0 								0 
2 								2 
2								2
0  0.0609001398063						0  0.0609001398063
1   0.939099860194						1   0.939099860194

2								2
0 1 								0 1 
2 2 								2 2 
4								4
0   0.201505623557						0   0.201505623557
1   0.737970642745						1   0.737970642745
2   0.798494376443						2   0.798494376443
3   0.262029357255						3   0.262029357255

Learned factor graph:						Learned factor graph:
#####################						#####################
2								2

1								1
0 								0 
2 								2 
2								2
0   0.173125000274						0   0.173125000274
1   0.826874999726						1   0.826874999726

2								2
0 1 								0 1 
2 2 								2 2 
4								4
0   0.645301173335						0   0.645301173335
1   0.716843674286						1   0.716843674286
2   0.354698826665						2   0.354698826665
3   0.283156325714						3   0.283156325714

Learned factor graph:						Learned factor graph:
#####################						#####################
2								2

1								1
0 								0 
2 								2 
2								2
0  0.0200536357721						0  0.0200536357721
1   0.979946364228						1   0.979946364228

2								2
0 1 								0 1 
2 2 								2 2 
4								4
0   0.363470381362						0   0.363470381362
1   0.712018564801						1   0.712018564801
2   0.636529618638						2   0.636529618638
3   0.287981435199						3   0.287981435199

Learned factor graph:						Learned factor graph:
#####################						#####################
2								2

1								1
0 								0 
2 								2 
2								2
0   0.139933596225						0   0.139933596225
1   0.860066403775						1   0.860066403775

2								2
0 1 								0 1 
2 2 								2 2 
4								4
0   0.639046970977						0   0.639046970977
1   0.715118774446						1   0.715118774446
2   0.360953029023						2   0.360953029023
3   0.284881225554						3   0.284881225554

Learned factor graph:						Learned factor graph:
#####################						#####################
2								2

1								1
0 								0 
2 								2 
2								2
0  0.0640843487886						0  0.0640843487886
1   0.935915651211						1   0.935915651211

2								2
0 1 								0 1 
2 2 								2 2 
4								4
0   0.320783168614						0   0.320783168614
1   0.731388745773						1   0.731388745773
2   0.679216831386						2   0.679216831386
3   0.268611254227						3   0.268611254227

Learned factor graph:						Learned factor graph:
#####################						#####################
2								2

1								1
0 								0 
2 								2 
2								2
0  0.0235239894509						0  0.0235239894509
1   0.976476010549						1   0.976476010549

2								2
0 1 								0 1 
2 2 								2 2 
4								4
0   0.609141417874						0   0.609141417874
1   0.706848276436						1   0.706848276436
2   0.390858582126						2   0.390858582126
3   0.293151723564						3   0.293151723564

Learned factor graph:						Learned factor graph:
#####################						#####################
2								2

1								1
0 								0 
2 								2 
2								2
0   0.140440509651						0   0.140440509651
1   0.859559490349						1   0.859559490349

2								2
0 1 								0 1 
2 2 								2 2 
4								4
0    0.84173807592						0    0.84173807592
1   0.681654441021						1   0.681654441021
2    0.15826192408						2    0.15826192408
3   0.318345558979						3   0.318345558979

Learned factor graph:						Learned factor graph:
#####################						#####################
2								2

1								1
0 								0 
2 								2 
2								2
0   0.177788502912						0   0.177788502912
1   0.822211497088						1   0.822211497088

2								2
0 1 								0 1 
2 2 								2 2 
4								4
0   0.677822418148						0   0.677822418148
1   0.710154734057						1   0.710154734057
2   0.322177581852						2   0.322177581852
3   0.289845265943						3   0.289845265943

Learned factor graph:						Learned factor graph:
#####################						#####################
2								2

1								1
0 								0 
2 								2 
2								2
0    0.13579051024						0    0.13579051024
1    0.86420948976						1    0.86420948976

2								2
0 1 								0 1 
2 2 								2 2 
4								4
0   0.764981692819						0   0.764981692819
1   0.694723083955						1   0.694723083955
2   0.235018307181						2   0.235018307181
3   0.305276916045						3   0.305276916045

Learned factor graph:						Learned factor graph:
#####################						#####################
2								2

1								1
0 								0 
2 								2 
2								2
0   0.145531613715						0   0.145531613715
1   0.854468386285						1   0.854468386285

2								2
0 1 								0 1 
2 2 								2 2 
4								4
0   0.824611564254						0   0.824611564254
1   0.683652855608						1   0.683652855608
2   0.175388435746						2   0.175388435746
3   0.316347144392						3   0.316347144392

Learned factor graph:						Learned factor graph:
#####################						#####################
2								2

1								1
0 								0 
2 								2 
2								2
0   0.435807118662						0   0.435807118662
1   0.564192881338						1   0.564192881338

2								2
0 1 								0 1 
2 2 								2 2 
4								4
0   0.926888266294						0   0.926888266294
1   0.532300335253						1   0.532300335253
2  0.0731117337058						2  0.0731117337058
3   0.467699664747						3   0.467699664747

Learned factor graph:						Learned factor graph:
#####################						#####################
2								2

1								1
0 								0 
2 								2 
2								2
0  0.0141395317354						0  0.0141395317354
1   0.985860468265						1   0.985860468265

2								2
0 1 								0 1 
2 2 								2 2 
4								4
0   0.486458571987						0   0.486458571987
1   0.707923477693						1   0.707923477693
2   0.513541428013						2   0.513541428013
3   0.292076522307						3   0.292076522307

Learned factor graph:						Learned factor graph:
#####################						#####################
2								2

1								1
0 								0 
2 								2 
2								2
0   0.011299041646						0   0.011299041646
1   0.988700958354						1   0.988700958354

2								2
0 1 								0 1 
2 2 								2 2 
4								4
0   0.578708638528						0   0.578708638528
1   0.706050878104						1   0.706050878104
2   0.421291361472						2   0.421291361472
3   0.293949121896						3   0.293949121896

Learned factor graph:						Learned factor graph:
#####################						#####################
2								2

1								1
0 								0 
2 								2 
2								2
0  0.0874079678069						0  0.0874079678069
1   0.912592032193						1   0.912592032193

2								2
0 1 								0 1 
2 2 								2 2 
4								4
0   0.418722391894						0   0.418722391894
1    0.73228646699						1    0.73228646699
2   0.581277608106						2   0.581277608106
3    0.26771353301						3    0.26771353301

Learned factor graph:						Learned factor graph:
#####################						#####################
2								2

1								1
0 								0 
2 								2 
2								2
0   0.234206494957						0   0.234206494957
1   0.765793505043						1   0.765793505043

2								2
0 1 								0 1 
2 2 								2 2 
4								4
0   0.833446202765						0   0.833446202765
1   0.664655069574						1   0.664655069574
2   0.166553797235						2   0.166553797235
3   0.335344930426						3   0.335344930426

Learned factor graph:						Learned factor graph:
#####################						#####################
2								2

1								1
0 								0 
2 								2 
2								2
0   0.134852988971						0   0.134852988971
1   0.865147011029						1   0.865147011029

2								2
0 1 								0 1 
2 2 								2 2 
4								4
0   0.765642847645						0   0.765642847645
1   0.694694706953						1   0.694694706953
2   0.234357152355						2   0.234357152355
3   0.305305293047						3   0.305305293047

Learned factor graph:						Learned factor graph:
#####################						#####################
2								2

1								1
0 								0 
2 								2 
2								2
0  0.0262412123074						0  0.0262412123074
1   0.973758787693						1   0.973758787693

2								2
0 1 								0 1 
2 2 								2 2 
4								4
0   0.400319574778						0   0.400319574778
1   0.713162603078						1   0.713162603078
2   0.599680425222						2   0.599680425222
3   0.286837396922						3   0.286837396922

Learned factor graph:						Learned factor graph:
#####################						#####################
2								2

1								1
0 								0 
2 								2 
2								2
0    0.10135096467						0    0.10135096467
1    0.89864903533						1    0.89864903533

2								2
0 1 								0 1 
2 2 								2 2 
4								4
0   0.454831811865						0   0.454831811865
1   0.732997479707						1   0.732997479707
2   0.545168188135						2   0.545168188135
3   0.267002520293						3   0.267002520293

Learned factor graph:						Learned factor graph:
#####################						#####################
2								2

1								1
0 								0 
2 								2 
2								2
0   0.168454160708						0   0.168454160708
1   0.831545839292						1   0.831545839292

2								2
0 1 								0 1 
2 2 								2 2 
4								4
0   0.661590849629						0   0.661590849629
1   0.713111778047						1   0.713111778047
2   0.338409150371						2   0.338409150371
3   0.286888221953						3   0.286888221953

Learned factor graph:						Learned factor graph:
#####################						#####################
2								2

1								1
0 								0 
2 								2 
2								2
0  0.0181080065678						0  0.0181080065678
1   0.981891993432						1   0.981891993432

2								2
0 1 								0 1 
2 2 								2 2 
4								4
0   0.383823811454						0   0.383823811454
1   0.710913505441						1   0.710913505441
2   0.616176188546						2   0.616176188546
3   0.289086494559						3   0.289086494559

Learned factor graph:						Learned factor graph:
#####################						#####################
2								2

1								1
0 								0 
2 								2 
2								2
0   0.327438693231						0   0.327438693231
1   0.672561306769						1   0.672561306769

2								2
0 1 								0 1 
2 2 								2 2 
4								4
0   0.898758984415						0   0.898758984415
1   0.609429184118						1   0.609429184118
2   0.101241015585						2   0.101241015585
3   0.390570815882						3   0.390570815882

Learned factor graph:						Learned factor graph:
#####################						#####################
2								2

1								1
0 								0 
2 								2 
2								2
0  0.0212145029503						0  0.0212145029503
1    0.97878549705						1    0.97878549705

2								2
0 1 								0 1 
2 2 								2 2 
4								4
0   0.557787836922						0   0.557787836922
1   0.707833296958						1   0.707833296958
2   0.442212163078						2   0.442212163078
3   0.292166703042						3   0.292166703042

Learned factor graph:						Learned factor graph:
#####################						#####################
2								2

1								1
0 								0 
2 								2 
2								2
0  0.0618262737661						0  0.0618262737661
1   0.938173726234						1   0.938173726234

2								2
0 1 								0 1 
2 2 								2 2 
4								4
0   0.615926786568						0   0.615926786568
1   0.710368256944						1   0.710368256944
2   0.384073213432						2   0.384073213432
3   0.289631743056						3   0.289631743056

Learned factor graph:						Learned factor graph:
#####################						#####################
2								2

1								1
0 								0 
2 								2 
2								2
0  0.0254746699028						0  0.0254746699028
1   0.974525330097						1   0.974525330097

2								2
0 1 								0 1 
2 2 								2 2 
4								4
0   0.402747832522						0   0.402747832522
1   0.712848728803						1   0.712848728803
2   0.597252167478						2   0.597252167478
3   0.287151271197						3   0.287151271197

Learned factor graph:						Learned factor graph:
#####################						#####################
2								2

1								1
0 								0 
2 								2 
2								2
0  0.0252729862786						0  0.0252729862786
1   0.974727013721						1   0.974727013721

2								2
0 1 								0 1 
2 2 								2 2 
4								4
0   0.674377037066						0   0.674377037066
1    0.70520219268						1    0.70520219268
2   0.325622962934						2   0.325622962934
3    0.29479780732						3    0.29479780732

Learned factor graph:						Learned factor graph:
#####################						#####################
2								2

1								1
0 								0 
2 								2 
2								2
0  0.0966843320581						0  0.0966843320581
1   0.903315667942						1   0.903315667942

2								2
0 1 								0 1 
2 2 								2 2 
4								4
0   0.778902502933						0   0.778902502933
1   0.696240679301						1   0.696240679301
2   0.221097497067						2   0.221097497067
3   0.303759320699						3   0.303759320699

Learned factor graph:						Learned factor graph:
#####################						#####################
2								2

1								1
0 								0 
2 								2 
2								2
0    0.15051691066						0    0.15051691066
1    0.84948308934						1    0.84948308934

2								2
0 1 								0 1 
2 2 								2 2 
4								4
0     0.7762805896						0     0.7762805896
1   0.691484188139						1   0.691484188139
2     0.2237194104						2     0.2237194104
3   0.308515811861						3   0.308515811861

Learned factor graph:						Learned factor graph:
#####################						#####################
2								2

1								1
0 								0 
2 								2 
2								2
0     0.2935582496						0     0.2935582496
1     0.7064417504						1     0.7064417504

2								2
0 1 								0 1 
2 2 								2 2 
4								4
0   0.805958686092						0   0.805958686092
1   0.661981415831						1   0.661981415831
2   0.194041313908						2   0.194041313908
3   0.338018584169						3   0.338018584169

Learned factor graph:						Learned factor graph:
#####################						#####################
2								2

1								1
0 								0 
2 								2 
2								2
0  0.0864349872454						0  0.0864349872454
1   0.913565012755						1   0.913565012755

2								2
0 1 								0 1 
2 2 								2 2 
4								4
0   0.661915413024						0   0.661915413024
1   0.708464984968						1   0.708464984968
2   0.338084586976						2   0.338084586976
3   0.291535015032						3   0.291535015032

Learned factor graph:						Learned factor graph:
#####################						#####################
2								2

1								1
0 								0 
2 								2 
2								2
0  0.0342728691908						0  0.0342728691908
1   0.965727130809						1   0.965727130809

2								2
0 1 								0 1 
2 2 								2 2 
4								4
0   0.612645337434						0   0.612645337434
1   0.707802241194						1   0.707802241194
2   0.387354662566						2   0.387354662566
3   0.292197758806						3   0.292197758806

Learned factor graph:						Learned factor graph:
#####################						#####################
2								2

1								1
0 								0 
2 								2 
2								2
0   0.420307526148						0   0.420307526148
1   0.579692473852						1   0.579692473852

2								2
0 1 								0 1 
2 2 								2 2 
4								4
0   0.923584015727						0   0.923584015727
1   0.545213410335						1   0.545213410335
2   0.076415984273						2   0.076415984273
3   0.454786589665						3   0.454786589665

Learned factor graph:						Learned factor graph:
#####################						#####################
2								2

1								1
0 								0 
2 								2 
2								2
0   0.655437146182						0   0.655437146182
1   0.344562853818						1   0.344562853818

2								2
0 1 								0 1 
2 2 								2 2 
4								4
0   0.915955720355						0   0.915955720355
1   0.302968743795						1   0.302968743795
2  0.0840442796452						2  0.0840442796452
3   0.697031256205						3   0.697031256205

Learned factor graph:						Learned factor graph:
#####################						#####################
2								2

1								1
0 								0 
2 								2 
2								2
0  0.0808314207634						0  0.0808314207634
1   0.919168579237						1   0.919168579237

2								2
0 1 								0 1 
2 2 								2 2 
4								4
0   0.494055587503						0   0.494055587503
1   0.723274440043						1   0.723274440043
2   0.505944412497						2   0.505944412497
3   0.276725559957						3   0.276725559957

Learned factor graph:						Learned factor graph:
#####################						#####################
2								2

1								1
0 								0 
2 								2 
2								2
0   0.158797834299						0   0.158797834299
1   0.841202165701						1   0.841202165701

2								2
0 1 								0 1 
2 2 								2 2 
4								4
0   0.675449651846						0   0.675449651846
1   0.709879002177						1   0.709879002177
2   0.324550348154						2   0.324550348154
3   0.290120997823						3   0.290120997823

Learned factor graph:						Learned factor graph:
#####################						#####################
2								2

1								1
0 								0 
2 								2 
2								2
0  0.0781662732362						0  0.0781662732362
1   0.921833726764						1   0.921833726764

2								2
0 1 								0 1 
2 2 								2 2 
4								4
0   0.760897231553						0   0.760897231553
1   0.699459910332						1   0.699459910332
2   0.239102768447						2   0.239102768447
3   0.300540089668						3   0.300540089668

Learned factor graph:						Learned factor graph:
#####################						#####################
2								2

1								1
0 								0 
2 								2 
2								2
0    0.21953911188						0    0.21953911188
1    0.78046088812						1    0.78046088812

2								2
0 1 								0 1 
2 2 								2 2 
4								4
0   0.769335977731						0   0.769335977731
1    0.68597026345						1    0.68597026345
2   0.230664022269						2   0.230664022269
3    0.31402973655						3    0.31402973655

Learned factor graph:						Learned factor graph:
#####################						#####################
2								2

1								1
0 								0 
2 								2 
2								2
0  0.0727932550793						0  0.0727932550793
1   0.927206744921						1   0.927206744921

2								2
0 1 								0 1 
2 2 								2 2 
4								4
0   0.654914920379						0   0.654914920379
1   0.708345007473						1   0.708345007473
2   0.345085079621						2   0.345085079621
3   0.291654992527						3   0.291654992527

Learned factor graph:						Learned factor graph:
#####################						#####################
2								2

1								1
0 								0 
2 								2 
2								2
0   0.128490949746						0   0.128490949746
1   0.871509050254						1   0.871509050254

2								2
0 1 								0 1 
2 2 								2 2 
4								4
0   0.626852922364						0   0.626852922364
1   0.715943791245						1   0.715943791245
2   0.373147077636						2   0.373147077636
3   0.284056208755						3   0.284056208755

Learned factor graph:						Learned factor graph:
#####################						#####################
2								2

1								1
0 								0 
2 								2 
2								2
0   0.143308306495						0   0.143308306495
1   0.856691693505						1   0.856691693505

2								2
0 1 								0 1 
2 2 								2 2 
4								4
0   0.794422802607						0   0.794422802607
1   0.689126153469						1   0.689126153469
2   0.205577197393						2   0.205577197393
3   0.310873846531						3   0.310873846531

Learned factor graph:						Learned factor graph:
#####################						#####################
2								2

1								1
0 								0 
2 								2 
2								2
0   0.150611206728						0   0.150611206728
1   0.849388793272						1   0.849388793272

2								2
0 1 								0 1 
2 2 								2 2 
4								4
0   0.638864023482						0   0.638864023482
1    0.71610562245						1    0.71610562245
2   0.361135976518						2   0.361135976518
3    0.28389437755						3    0.28389437755

Learned factor graph:						Learned factor graph:
#####################						#####################
2								2

1								1
0 								0 
2 								2 
2								2
0   0.124447703854						0   0.124447703854
1   0.875552296146						1   0.875552296146

2								2
0 1 								0 1 
2 2 								2 2 
4								4
0   0.768541938567						0   0.768541938567
1   0.695118247202						1   0.695118247202
2   0.231458061433						2   0.231458061433
3   0.304881752798						3   0.304881752798

Learned factor graph:						Learned factor graph:
#####################						#####################
2								2

1								1
0 								0 
2 								2 
2								2
0   0.166057819289						0   0.166057819289
1   0.833942180711						1   0.833942180711

2								2
0 1 								0 1 
2 2 								2 2 
4								4
0   0.661542378031						0   0.661542378031
1   0.712973829285						1   0.712973829285
2   0.338457621969						2   0.338457621969
3   0.287026170715						3   0.287026170715

Learned factor graph:						Learned factor graph:
#####################						#####################
2								2

1								1
0 								0 
2 								2 
2								2
0  0.0618921375682						0  0.0618921375682
1   0.938107862432						1   0.938107862432

2								2
0 1 								0 1 
2 2 								2 2 
4								4
0   0.805720706293						0   0.805720706293
1   0.697477492116						1   0.697477492116
2   0.194279293707						2   0.194279293707
3   0.302522507884						3   0.302522507884

Learned factor graph:						Learned factor graph:
#####################						#####################
2								2

1								1
0 								0 
2 								2 
2								2
0   0.220834544459						0   0.220834544459
1   0.779165455541						1   0.779165455541

2								2
0 1 								0 1 
2 2 								2 2 
4								4
0   0.767203122636						0   0.767203122636
1   0.686440414658						1   0.686440414658
2   0.232796877364						2   0.232796877364
3   0.313559585342						3   0.313559585342

Learned factor graph:						Learned factor graph:
#####################						#####################
2								2

1								1
0 								0 
2 								2 
2								2
0   0.258362657362						0   0.258362657362
1   0.741637342638						1   0.741637342638

2								2
0 1 								0 1 
2 2 								2 2 
4								4
0   0.830899836807						0   0.830899836807
1   0.660063551507						1   0.660063551507
2   0.169100163193						2   0.169100163193
3   0.339936448493						3   0.339936448493

Learned factor graph:						Learned factor graph:
#####################						#####################
2								2

1								1
0 								0 
2 								2 
2								2
0  0.0456027103267						0  0.0456027103267
1   0.954397289673						1   0.954397289673

2								2
0 1 								0 1 
2 2 								2 2 
4								4
0   0.608562038159						0   0.608562038159
1   0.709132720477						1   0.709132720477
2   0.391437961841						2   0.391437961841
3   0.290867279523						3   0.290867279523

Learned factor graph:						Learned factor graph:
#####################						#####################
2								2

1								1
0 								0 
2 								2 
2								2
0  0.0999987117682						0  0.0999987117682
1   0.900001288232						1   0.900001288232

2								2
0 1 								0 1 
2 2 								2 2 
4								4
0   0.888869931039						0   0.888869931039
1    0.68350263326						1    0.68350263326
2   0.111130068961						2   0.111130068961
3    0.31649736674						3    0.31649736674

Learned factor graph:						Learned factor graph:
#####################						#####################
2								2

1								1
0 								0 
2 								2 
2								2
0   0.105470530863						0   0.105470530863
1   0.894529469137						1   0.894529469137

2								2
0 1 								0 1 
2 2 								2 2 
4								4
0   0.776964884213						0   0.776964884213
1   0.695662821723						1   0.695662821723
2   0.223035115787						2   0.223035115787
3   0.304337178277						3   0.304337178277

Learned factor graph:						Learned factor graph:
#####################						#####################
2								2

1								1
0 								0 
2 								2 
2								2
0  0.0558261541525						0  0.0558261541525
1   0.944173845848						1   0.944173845848

2								2
0 1 								0 1 
2 2 								2 2 
4								4
0     0.8365769391						0     0.8365769391
1   0.696285893589						1   0.696285893589
2     0.1634230609						2     0.1634230609
3   0.303714106411						3   0.303714106411

Learned factor graph:						Learned factor graph:
#####################						#####################
2								2

1								1
0 								0 
2 								2 
2								2
0  0.0974003185157						0  0.0974003185157
1   0.902599681484						1   0.902599681484

2								2
0 1 								0 1 
2 2 								2 2 
4								4
0   0.780492559858						0   0.780492559858
1   0.696000544179						1   0.696000544179
2   0.219507440142						2   0.219507440142
3   0.303999455821						3   0.303999455821

Learned factor graph:						Learned factor graph:
#####################						#####################
2								2

1								1
0 								0 
2 								2 
2								2
0  0.0416177040994						0  0.0416177040994
1   0.958382295901						1   0.958382295901

2								2
0 1 								0 1 
2 2 								2 2 
4								4
0   0.209422396336						0   0.209422396336
1   0.726839982227						1   0.726839982227
2   0.790577603664						2   0.790577603664
3   0.273160017773						3   0.273160017773

Learned factor graph:						Learned factor graph:
#####################						#####################
2								2

1								1
0 								0 
2 								2 
2								2
0  0.0827649653045						0  0.0827649653045
1   0.917235034695						1   0.917235034695

2								2
0 1 								0 1 
2 2 								2 2 
4								4
0   0.660998284969						0   0.660998284969
1   0.708363698862						1   0.708363698862
2   0.339001715031						2   0.339001715031
3   0.291636301138						3   0.291636301138

Learned factor graph:						Learned factor graph:
#####################						#####################
2								2

1								1
0 								0 
2 								2 
2								2
0   0.596005731507						0   0.596005731507
1   0.403994268493						1   0.403994268493

2								2
0 1 								0 1 
2 2 								2 2 
4								4
0   0.919150660277						0   0.919150660277
1   0.387996529796						1   0.387996529796
2  0.0808493397226						2  0.0808493397226
3   0.612003470204						3   0.612003470204

Learned factor graph:						Learned factor graph:
#####################						#####################
2								2

1								1
0 								0 
2 								2 
2								2
0  0.0435094104442						0  0.0435094104442
1   0.956490589556						1   0.956490589556

2								2
0 1 								0 1 
2 2 								2 2 
4								4
0   0.370697522065						0   0.370697522065
1   0.720205069337						1   0.720205069337
2   0.629302477935						2   0.629302477935
3   0.279794930663						3   0.279794930663

Learned factor graph:						Learned factor graph:
#####################						#####################
2								2

1								1
0 								0 
2 								2 
2								2
0    0.14588818936						0    0.14588818936
1    0.85411181064						1    0.85411181064

2								2
0 1 								0 1 
2 2 								2 2 
4								4
0   0.673852400195						0   0.673852400195
1   0.709635727062						1   0.709635727062
2   0.326147599805						2   0.326147599805
3   0.290364272938						3   0.290364272938

Learned factor graph:						Learned factor graph:
#####################						#####################
2								2

1								1
0 								0 
2 								2 
2								2
0   0.112610247065						0   0.112610247065
1   0.887389752935						1   0.887389752935

2								2
0 1 								0 1 
2 2 								2 2 
4								4
0   0.546024994745						0   0.546024994745
1   0.724768167054						1   0.724768167054
2   0.453975005255						2   0.453975005255
3   0.275231832946						3   0.275231832946

Learned factor graph:						Learned factor graph:
#####################						#####################
2								2

1								1
0 								0 
2 								2 
2								2
0  0.0511322665494						0  0.0511322665494
1   0.948867733451						1   0.948867733451

2								2
0 1 								0 1 
2 2 								2 2 
4								4
0   0.589514014812						0   0.589514014812
1   0.710781779756						1   0.710781779756
2   0.410485985188						2   0.410485985188
3   0.289218220244						3   0.289218220244

Learned factor graph:						Learned factor graph:
#####################						#####################
2								2

1								1
0 								0 
2 								2 
2								2
0   0.370039839091						0   0.370039839091
1   0.629960160909						1   0.629960160909

2								2
0 1 								0 1 
2 2 								2 2 
4								4
0    0.85787424564						0    0.85787424564
1   0.613993840857						1   0.613993840857
2    0.14212575436						2    0.14212575436
3   0.386006159143						3   0.386006159143

Learned factor graph:						Learned factor graph:
#####################						#####################
2								2

1								1
0 								0 
2 								2 
2								2
0  0.0126054468534						0  0.0126054468534
1   0.987394553147						1   0.987394553147

2								2
0 1 								0 1 
2 2 								2 2 
4								4
0   0.488327571936						0   0.488327571936
1   0.707552511827						1   0.707552511827
2   0.511672428064						2   0.511672428064
3   0.292447488173						3   0.292447488173

Learned factor graph:						Learned factor graph:
#####################						#####################
2								2

1								1
0 								0 
2 								2 
2								2
0   0.100487673439						0   0.100487673439
1   0.899512326561						1   0.899512326561

2								2
0 1 								0 1 
2 2 								2 2 
4								4
0   0.666926467164						0   0.666926467164
1   0.708620963333						1   0.708620963333
2   0.333073532836						2   0.333073532836
3   0.291379036667						3   0.291379036667

Learned factor graph:						Learned factor graph:
#####################						#####################
2								2

1								1
0 								0 
2 								2 
2								2
0   0.113533190627						0   0.113533190627
1   0.886466809373						1   0.886466809373

2								2
0 1 								0 1 
2 2 								2 2 
4								4
0    0.65989399897						0    0.65989399897
1   0.710147599859						1   0.710147599859
2    0.34010600103						2    0.34010600103
3   0.289852400141						3   0.289852400141

Learned factor graph:						Learned factor graph:
#####################						#####################
2								2

1								1
0 								0 
2 								2 
2								2
0   0.116893118321						0   0.116893118321
1   0.883106881679						1   0.883106881679

2								2
0 1 								0 1 
2 2 								2 2 
4								4
0   0.659397406398						0   0.659397406398
1   0.710405069329						1   0.710405069329
2   0.340602593602						2   0.340602593602
3   0.289594930671						3   0.289594930671

Learned factor graph:						Learned factor graph:
#####################						#####################
2								2

1								1
0 								0 
2 								2 
2								2
0  0.0656019184802						0  0.0656019184802
1    0.93439808152						1    0.93439808152

2								2
0 1 								0 1 
2 2 								2 2 
4								4
0   0.616923847412						0   0.616923847412
1   0.710677083525						1   0.710677083525
2   0.383076152588						2   0.383076152588
3   0.289322916475						3   0.289322916475
