0	1	2	3

1		1	4	
1		2	2	
1		3	3	
1		4	2	
1		5	2	
1		7	3	
1		8	0	
1		9	4	
1		11	1	
1		13	4	
1		15	4	
1		16	4	
1		18	3	
1		19	4	
1		21	0	
1		22	3	
1		25	3	
1		26	2	
1		28	3	
1		29	0	
1		30	2	
1		32	4	
1		34	1	
1		35	0	
1		37	1	
1		38	2	
1		40	2	
1		41	1	
1		42	4	
1		43	3	
1		45	4	
1		46	3	
1		48	4	
1		50	4	
1		52	3	
1		55	4	
1		57	4	
1		58	3	
1		59	4	
1		63	1	
1		66	3	
1		68	3	
1		71	2	
1		75	3	
1		77	3	
1		79	3	
1		83	2	
1		87	4	
1		88	3	
1		89	4	
1		93	4	
1		94	1	
1		95	3	
1		99	2	
1		101	1	
1		105	1	
1		106	3	
1		109	4	
1		110	0	
1		111	4	
1		115	4	
1		116	2	
1		119	4	
1		122	2	
1		123	3	
1		124	4	
1		126	1	
1		127	4	
1		131	0	
1		133	3	
1		135	3	
1		136	2	
1		137	4	
1		138	0	
1		139	2	
1		141	2	
1		142	1	
1		144	3	
1		146	3	
1		147	2	
1		149	1	
1		152	4	
1		153	2	
1		156	3	
1		158	2	
1		162	3	
1		165	4	
1		166	4	
1		167	1	
1		168	4	
1		169	4	
1		172	4	
1		173	4	
1		176	4	
1		178	4	
1		179	2	
1		181	4	
1		182	3	
1		187	3	
1		191	4	
1		192	3	
1		194	3	
1		195	4	
1		197	4	
1		198	4	
1		199	3	
1		203	3	
1		204	4	
1		205	2	
1		207	4	
1		211	2	
1		216	4	
1		217	2	
1		220	2	
1		223	4	
1		231	0	
1		234	3	
1		237	1	
1		238	3	
1		239	3	
1		240	2	
1		244	1	
1		245	1	
1		246	4	
1		247	0	
1		249	3	
1		251	3	
1		256	3	
1		257	3	
1		261	0	
1		263	0	
1		268	4	
1		269	4	
1		270	4	
1		271	1	
2		1	3	
2		10	1	
2		14	3	
2		25	3	
2		100	4	
2		111	3	
2		127	4	
2		237	3	
2		242	4	
2		255	3	
2		258	2	
2		269	3	
2		272	4	
2		273	3	
2		274	2	
2		275	4	
2		276	3	
2		277	3	
2		278	2	
2		282	3	
2		283	4	
2		284	3	
2		285	4	
2		286	3	
2		287	2	
2		288	2	
2		289	2	
2		291	2	
2		293	3	
2		294	0	
2		295	3	
2		296	2	
2		300	3	
2		302	4	
2		304	3	
2		305	2	
2		306	3	
2		309	0	
2		310	3	
2		311	4	
3		181	3	
3		258	1	
3		260	3	
3		268	2	
3		271	2	
3		288	1	
3		302	1	
3		303	2	
3		317	1	
3		319	1	
3		320	4	
3		321	4	
3		322	2	
3		325	0	
3		326	1	
3		329	3	
3		333	1	
3		336	0	
3		338	1	
3		339	2	
3		340	4	
3		342	3	
3		344	3	
3		346	4	
3		347	4	
3		352	1	
3		353	0	
3		355	2	
4		11	3	
4		210	2	
4		258	4	
4		271	3	
4		300	4	
4		301	4	
4		324	4	
4		327	4	
4		328	2	
4		329	4	
4		358	1	
4		359	4	
4		360	4	
4		362	4	
5		21	2	
5		25	2	
5		29	3	
5		50	3	
5		63	0	
5		66	0	
5		70	3	
5		95	3	
5		99	2	
5		101	4	
5		105	2	
5		121	3	
5		135	3	
5		145	0	
5		151	2	
5		162	0	
5		163	4	
5		168	2	
5		169	4	
5		172	4	
5		174	4	
5		181	4	
5		183	3	
5		186	4	
5		189	4	
5		194	3	
5		200	1	
5		204	3	
5		208	3	
5		210	2	
5		216	0	
5		226	2	
5		228	4	
5		229	1	
5		233	3	
5		235	3	
5		239	3	
5		250	2	
5		257	4	
5		365	0	
5		366	2	
5		367	2	
5		368	0	
5		371	0	
5		373	2	
5		374	2	
5		375	2	
5		378	0	
5		380	2	
5		381	0	
5		383	2	
5		386	1	
5		387	2	
5		390	4	
5		392	1	
5		395	1	
5		396	4	
5		398	1	
5		399	2	
5		401	4	
5		404	1	
5		405	2	
5		406	0	
5		408	4	
5		409	1	
5		412	2	
5		414	2	
5		415	0	
5		416	0	
5		419	2	
5		420	2	
5		425	1	
5		427	2	
5		430	4	
5		431	2	
5		432	3	
5		434	4	
5		437	0	
5		438	0	
5		440	0	
5		442	0	
5		443	3	
5		446	3	
5		447	2	
5		448	1	
5		449	1	
5		450	0	
5		451	0	
5		452	0	
5		455	3	
5		456	0	
6		1	3	
6		7	1	
6		8	3	
6		9	3	
6		12	3	
6		13	1	
6		21	2	
6		22	2	
6		47	2	
6		50	3	
6		64	3	
6		71	3	
6		79	2	
6		89	3	
6		111	1	
6		127	4	
6		132	4	
6		137	4	
6		153	3	
6		165	4	
6		166	3	
6		168	3	
6		169	3	
6		170	3	
6		173	4	
6		174	3	
6		177	3	
6		178	3	
6		182	3	
6		185	4	
6		186	3	
6		191	3	
6		192	3	
6		194	3	
6		200	2	
6		202	2	
6		203	2	
6		216	4	
6		223	3	
6		237	1	
6		242	3	
6		246	2	
6		257	1	
6		259	0	
6		261	2	
6		268	2	
6		272	3	
6		274	3	
6		285	2	
6		293	2	
6		298	2	
6		302	3	
6		303	2	
6		306	3	
6		308	2	
6		309	1	
6		310	1	
6		317	2	
6		321	2	
6		340	1	
6		367	1	
6		405	0	
6		408	3	
6		410	3	
6		419	3	
6		425	2	
6		427	3	
6		435	3	
6		460	1	
6		461	3	
6		462	4	
6		464	1	
6		465	0	
6		468	2	
6		472	0	
6		473	1	
6		474	4	
6		482	3	
6		485	4	
6		489	4	
6		490	4	
6		491	3	
6		493	4	
6		494	3	
6		495	3	
6		496	3	
6		497	3	
7		4	4	
7		9	4	
7		11	2	
7		12	4	
7		23	2	
7		25	2	
7		27	3	
7		29	2	
7		31	3	
7		39	4	
7		47	4	
7		50	4	
7		51	1	
7		52	3	
7		56	4	
7		62	2	
7		64	4	
7		68	3	
7		69	4	
7		70	0	
7		71	4	
7		73	2	
7		77	4	
7		80	3	
7		86	3	
7		91	2	
7		96	4	
7		97	4	
7		98	3	
7		99	4	
7		100	4	
7		125	3	
7		132	4	
7		134	3	
7		135	4	
7		140	4	
7		141	4	
7		143	2	
7		144	4	
7		145	0	
7		152	3	
7		157	4	
7		164	4	
7		173	4	
7		175	4	
7		178	3	
7		179	4	
7		180	4	
7		186	3	
7		187	3	
7		192	3	
7		194	4	
7		197	3	
7		198	2	
7		199	4	
7		201	1	
7		202	2	
7		204	4	
7		211	4	
7		213	2	
7		214	4	
7		215	3	
7		216	3	
7		217	3	
7		219	0	
7		229	2	
7		230	2	
7		231	2	
7		234	4	
7		237	4	
7		238	4	
7		258	3	
7		265	4	
7		275	3	
7		286	3	
7		294	0	
7		309	2	
7		317	3	
7		318	4	
7		324	0	
7		341	2	
7		356	3	
7		357	4	
7		365	3	
7		367	4	
7		379	3	
7		380	3	
7		384	2	
7		386	3	
7		387	2	
7		391	2	
7		402	4	
7		403	3	
7		405	2	
7		415	1	
7		416	4	
7		417	2	
7		419	2	
7		421	2	
7		427	4	
7		429	4	
7		433	4	
7		434	3	
7		436	4	
7		440	0	
7		441	1	
7		443	4	
7		444	4	
7		446	1	
7		447	4	
7		449	2	
7		452	4	
7		463	3	
7		465	3	
7		470	2	
7		474	4	
7		487	2	
7		488	3	
7		499	3	
8		11	2	
8		55	4	
8		82	4	
8		96	2	
8		174	4	
8		177	3	
8		181	3	
8		187	3	
8		195	4	
8		222	4	
8		227	3	
8		228	4	
8		229	4	
8		233	3	
8		241	3	
8		243	1	
8		259	0	
8		260	2	
8		273	2	
8		336	2	
8		341	1	
8		358	1	
8		403	3	
8		431	1	
8		435	4	
9		7	3	
9		50	4	
9		201	4	
9		242	3	
9		276	3	
9		294	3	
9		371	4	
9		385	4	
9		402	3	
9		483	4	
10		9	3	
10		11	3	
10		12	4	
10		23	4	
10		32	3	
10		33	3	
10		40	3	
10		50	4	
10		59	3	
10		60	2	
10		69	3	
10		70	3	
10		82	3	
10		85	3	
10		93	3	
10		116	3	
10		129	3	
10		134	4	
10		137	3	
10		153	3	
10		157	4	
10		161	3	
10		162	3	
10		170	3	
10		174	3	
10		178	4	
10		179	4	
10		180	4	
10		182	4	
10		185	4	
10		192	3	
10		197	4	
10		198	2	
10		205	4	
10		211	4	
10		216	3	
10		221	3	
10		230	3	
10		238	3	
10		245	3	
10		273	3	
10		274	3	
10		276	3	
10		286	3	
10		302	3	
10		319	2	
10		333	3	
10		334	3	
10		357	4	
10		404	3	
10		414	3	
10		430	2	
10		432	3	
10		462	2	
10		467	3	
10		470	3	
10		478	4	
10		479	4	
10		480	4	
10		482	3	
10		484	4	
10		499	3	
11		8	3	
11		11	1	
11		15	4	
11		24	2	
11		25	2	
11		28	4	
11		29	2	
11		39	2	
11		42	2	
11		52	2	
11		54	2	
11		56	3	
11		57	1	
11		58	2	
11		69	2	
11		70	3	
11		79	3	
11		83	4	
11		86	3	
11		88	2	
11		98	1	
11		107	3	
11		121	2	
11		123	2	
11		125	3	
11		168	2	
11		173	4	
11		176	2	
11		180	1	
11		196	4	
11		208	3	
11		211	2	
11		213	3	
11		222	2	
11		228	2	
11		229	3	
11		237	3	
11		238	2	
11		239	3	
11		258	4	
11		259	2	
11		274	2	
11		286	4	
11		290	2	
11		301	3	
11		317	3	
11		318	4	
11		324	0	
11		332	4	
11		356	3	
11		357	4	
11		365	2	
11		367	2	
11		370	2	
11		372	3	
11		382	2	
11		386	2	
11		393	3	
11		399	2	
11		401	2	
11		405	2	
11		414	2	
11		423	4	
11		427	3	
11		430	2	
11		431	1	
11		433	3	
11		434	3	
11		449	2	
11		451	1	
12		4	4	
12		69	4	
12		88	4	
12		98	4	
12		127	3	
12		133	3	
12		159	3	
12		161	4	
12		168	3	
12		170	3	
12		174	4	
12		195	3	
12		202	3	
12		203	2	
12		215	3	
12		216	4	
12		228	3	
12		238	4	
12		242	4	
12		328	3	
12		392	3	
12		416	2	
12		480	3	
13		1	2	
13		4	4	
13		5	0	
13		7	1	
13		8	3	
13		9	2	
13		12	4	
13		13	4	
13		17	0	
13		22	3	
13		23	4	
13		28	4	
13		32	3	
13		33	4	
13		37	0	
13		38	2	
13		39	2	
13		49	3	
13		50	4	
13		51	2	
13		53	0	
13		58	3	
13		60	3	
13		62	4	
13		67	0	
13		68	2	
13		69	3	
13		70	2	
13		78	0	
13		79	2	
13		82	1	
13		83	1	
13		86	0	
13		87	4	
13		89	3	
13		91	1	
13		92	2	
13		95	4	
13		96	3	
13		99	3	
13		110	2	
13		111	4	
13		116	4	
13		117	2	
13		127	4	
13		128	0	
13		132	3	
13		135	4	
13		138	0	
13		141	1	
13		143	0	
13		145	1	
13		152	4	
13		155	1	
13		157	2	
13		158	0	
13		160	3	
13		163	2	
13		164	2	
13		165	2	
13		166	4	
13		170	4	
13		172	4	
13		174	3	
13		175	3	
13		176	2	
13		177	4	
13		179	1	
13		182	4	
13		183	3	
13		184	0	
13		187	4	
13		188	3	
13		191	2	
13		193	4	
13		194	4	
13		197	3	
13		199	4	
13		200	2	
13		202	4	
13		204	4	
13		205	1	
13		209	2	
13		211	3	
13		216	2	
13		218	0	
13		222	2	
13		223	4	
13		224	3	
13		225	1	
13		227	4	
13		228	3	
13		231	2	
13		233	3	
13		234	4	
13		235	1	
13		237	4	
13		239	3	
13		241	2	
13		242	1	
13		260	0	
13		262	3	
13		264	3	
13		274	2	
13		275	2	
13		279	4	
13		280	3	
13		285	4	
13		286	2	
13		288	0	
13		292	4	
13		299	2	
13		306	2	
13		307	1	
13		310	3	
13		311	2	
13		313	3	
13		316	4	
13		321	1	
13		322	2	
13		323	2	
13		326	2	
13		327	2	
13		328	2	
13		329	1	
13		332	2	
13		336	1	
13		339	2	
13		342	3	
13		346	3	
13		347	4	
13		348	1	
13		350	1	
13		355	2	
13		357	2	
13		358	2	
13		362	3	
13		367	2	
13		370	0	
13		371	2	
13		382	0	
13		393	2	
13		394	1	
13		398	1	
13		400	3	
13		401	0	
13		403	1	
13		404	4	
13		406	0	
13		410	0	
13		411	1	
13		413	0	
13		417	1	
13		419	2	
13		424	0	
13		427	4	
13		429	4	
13		430	4	
13		432	3	
13		433	3	
13		435	4	
13		438	0	
13		439	0	
13		441	0	
13		442	0	
13		444	3	
13		445	3	
13		446	0	
13		448	0	
13		453	1	
13		455	2	
13		462	4	
13		463	4	
13		471	0	
13		473	3	
13		474	3	
13		475	2	
13		478	3	
13		484	4	
13		485	0	
13		491	3	
13		492	4	
13		494	3	
13		497	4	
14		12	4	
14		19	4	
14		25	1	
14		32	4	
14		81	4	
14		96	3	
14		124	4	
14		127	1	
14		173	3	
14		186	3	
14		191	3	
14		195	4	
14		210	4	
14		222	3	
14		238	4	
14		240	4	
14		265	2	
14		276	3	
14		288	3	
14		302	4	
14		319	0	
14		382	4	
14		427	4	
14		428	3	
14		430	4	
14		473	4	
15		13	0	
15		14	3	
15		15	3	
15		50	4	
15		111	3	
15		118	0	
15		121	2	
15		125	4	
15		181	4	
15		220	3	
15		225	2	
15		235	0	
15		237	2	
15		243	0	
15		248	0	
15		249	0	
15		251	1	
15		252	1	
15		255	4	
15		257	3	
15		258	2	
15		269	4	
15		275	3	
15		280	2	
15		282	2	
15		283	3	
15		285	3	
15		291	2	
15		292	4	
15		297	2	
15		302	3	
15		303	2	
15		306	4	
15		308	4	
15		310	3	
15		322	2	
15		323	0	
15		328	2	
15		333	0	
15		409	2	
15		455	0	
15		472	2	
16		1	4	
16		4	4	
16		11	4	
16		12	4	
16		15	4	
16		33	1	
16		39	4	
16		58	3	
16		66	3	
16		71	4	
16		79	4	
16		87	3	
16		95	4	
16		98	4	
16		100	4	
16		109	3	
16		125	2	
16		127	4	
16		135	3	
16		143	4	
16		152	3	
16		158	3	
16		172	4	
16		180	4	
16		199	4	
16		200	4	
16		202	4	
16		204	4	
16		208	4	
16		216	4	
16		227	4	
16		234	4	
16		237	4	
16		240	3	
16		273	4	
16		282	4	
16		286	1	
16		302	4	
16		321	2	
16		367	2	
16		385	4	
16		404	4	
16		410	4	
16		423	4	
16		427	4	
16		448	4	
16		467	4	
16		469	2	
16		476	2	
16		480	4	
16		498	4	
17		7	3	
17		100	3	
17		111	2	
17		117	2	
17		126	3	
17		137	3	
17		150	4	
17		221	1	
17		222	2	
17		243	0	
17		269	3	
17		276	3	
17		286	2	
17		294	3	
17		323	0	
17		471	1	
17		475	3	
18		4	2	
18		6	4	
18		8	4	
18		9	4	
18		15	3	
18		22	4	
18		23	3	
18		28	2	
18		32	1	
18		42	2	
18		45	4	
18		48	3	
18		50	3	
18		52	4	
18		56	4	
18		59	3	
18		60	3	
18		61	3	
18		65	4	
18		66	2	
18		72	2	
18		79	3	
18		81	2	
18		83	4	
18		88	2	
18		91	2	
18		94	2	
18		95	3	
18		98	4	
18		100	4	
18		111	2	
18		116	4	
18		125	2	
18		127	4	
18		132	4	
18		133	4	
18		134	4	
18		137	4	
18		142	3	
18		143	3	
18		153	3	
18		157	2	
18		165	3	
18		166	3	
18		168	2	
18		172	2	
18		174	3	
18		175	3	
18		177	2	
18		178	2	
18		187	4	
18		189	4	
18		197	3	
18		198	2	
18		200	2	
18		204	2	
18		208	3	
18		210	4	
18		211	4	
18		212	4	
18		213	4	
18		216	3	
18		221	4	
18		223	4	
18		236	2	
18		238	4	
18		242	4	
18		269	4	
18		283	4	
18		284	2	
18		285	4	
18		287	3	
18		317	4	
18		319	3	
18		357	3	
18		378	2	
18		381	3	
18		382	2	
18		386	1	
18		392	2	
18		402	2	
18		403	2	
18		404	3	
18		411	2	
18		414	3	
18		416	4	
18		418	2	
18		419	2	
18		425	2	
18		427	4	
18		430	3	
18		434	2	
18		435	3	
18		461	3	
18		474	3	
18		476	2	
18		478	4	
18		480	3	
18		482	4	
18		486	2	
18		489	3	
18		492	3	
18		493	4	
19		8	4	
19		202	3	
19		210	2	
19		211	3	
19		268	1	
19		288	2	
19		294	2	
19		319	3	
19		325	3	
20		15	3	
20		22	4	
20		50	2	
20		82	3	
20		94	1	
20		143	2	
20		148	4	
20		151	2	
20		174	3	
20		181	3	
20		204	2	
20		210	3	
20		243	3	
20		274	3	
20		323	3	
20		357	0	
20		378	2	
20		423	1	
20		496	4	
20		498	2	
21		1	4	
21		5	1	
21		7	4	
21		9	4	
21		15	3	
21		17	3	
21		50	2	
21		53	3	
21		123	3	
21		127	4	
21		145	0	
21		185	4	
21		200	4	
21		201	4	
21		240	3	
21		243	1	
21		244	3	
21		259	1	
21		260	1	
21		261	0	
21		262	3	
21		263	0	
21		264	2	
21		273	3	
21		281	1	
21		286	2	
21		289	2	
21		300	2	
21		301	3	
21		321	2	
21		322	2	
21		323	1	
21		330	3	
21		358	2	
21		379	2	
21		406	0	
21		408	4	
21		413	1	
21		436	3	
21		437	0	
21		438	0	
21		443	3	
21		444	2	
21		453	1	
22		2	1	
22		4	4	
22		17	3	
22		21	3	
22		24	4	
22		50	4	
22		53	2	
22		62	3	
22		68	3	
22		85	4	
22		89	4	
22		94	2	
22		105	0	
22		109	3	
22		127	4	
22		144	4	
22		161	3	
22		163	0	
22		167	2	
22		174	4	
22		175	3	
22		181	4	
22		184	4	
22		187	4	
22		201	3	
22		202	4	
22		209	3	
22		210	2	
22		211	2	
22		216	3	
22		228	3	
22		229	1	
22		231	1	
22		233	2	
22		250	4	
22		265	2	
22		290	4	
22		367	0	
22		384	2	
22		385	3	
22		405	0	
22		430	3	
22		431	3	
22		449	0	
22		451	3	
23		7	3	
23		8	3	
23		14	3	
23		19	3	
23		55	3	
23		56	3	
23		59	3	
23		62	2	
23		73	2	
23		79	3	
23		82	2	
23		89	4	
23		91	3	
23		95	3	
23		96	3	
23		100	4	
23		102	2	
23		116	4	
23		124	4	
23		131	3	
23		132	3	
23		134	3	
23		144	2	
23		145	2	
23		151	2	
23		153	3	
23		154	2	
23		155	2	
23		156	2	
23		161	1	
23		162	2	
23		171	4	
23		173	4	
23		174	3	
23		175	4	
23		176	2	
23		181	3	
23		185	3	
23		194	3	
23		195	3	
23		202	2	
23		203	3	
23		204	2	
23		211	3	
23		214	2	
23		216	3	
23		217	1	
23		224	4	
23		227	2	
23		230	3	
23		234	1	
23		235	0	
23		250	3	
23		275	4	
23		283	3	
23		294	0	
23		367	3	
23		386	3	
23		387	2	
23		408	4	
23		414	2	
23		418	3	
23		423	2	
23		432	3	
23		433	4	
23		449	1	
23		451	1	
23		472	1	
23		479	4	
24		7	3	
24		8	4	
24		11	4	
24		12	4	
24		41	4	
24		55	4	
24		58	2	
24		69	4	
24		71	4	
24		79	3	
24		92	4	
24		97	3	
24		98	4	
24		127	4	
24		132	2	
24		151	4	
24		173	4	
24		176	4	
24		180	4	
24		200	4	
24		223	4	
24		237	3	
24		238	4	
24		249	3	
24		276	4	
24		288	2	
24		289	2	
24		300	3	
24		324	4	
24		357	4	
24		402	3	
24		421	4	
24		486	2	
25		1	4	
25		7	3	
25		23	3	
25		79	3	
25		82	3	
25		86	3	
25		98	4	
25		116	3	
25		121	3	
25		125	4	
25		131	3	
25		133	2	
25		134	3	
25		141	3	
25		143	2	
25		173	3	
25		176	3	
25		177	2	
25		183	3	
25		186	3	
25		195	3	
25		204	4	
25		265	3	
25		404	2	
25		408	4	
25		419	3	
25		430	3	
25		463	3	
25		474	3	
25		479	4	
25		495	3	
26		1	2	
26		14	2	
26		24	2	
26		50	3	
26		109	2	
26		111	2	
26		116	1	
26		118	2	
26		121	2	
26		122	0	
26		126	3	
26		129	3	
26		148	2	
26		151	2	
26		181	3	
26		222	2	
26		246	3	
26		248	2	
26		249	1	
26		250	2	
26		252	2	
26		271	2	
26		274	2	
26		276	3	
26		282	3	
26		283	2	
26		284	2	
26		288	3	
26		291	2	
26		293	2	
26		298	2	
26		300	3	
26		302	4	
26		304	3	
26		313	4	
26		316	2	
26		323	1	
26		328	1	
26		369	1	
26		405	1	
26		413	1	
26		456	0	
26		458	2	
26		471	1	
26		475	2	
27		9	3	
27		50	2	
27		118	2	
27		123	4	
27		148	2	
27		244	2	
27		286	2	
27		288	2	
28		5	2	
28		11	3	
28		28	3	
28		31	3	
28		56	4	
28		96	4	
28		117	3	
28		164	3	
28		176	4	
28		185	4	
28		195	3	
28		196	3	
28		200	1	
28		219	4	
28		227	3	
28		229	1	
28		230	3	
28		286	2	
28		288	4	
28		322	1	
28		323	2	
28		332	1	
28		429	4	
28		434	3	
28		443	3	
28		444	2	
28		447	2	
28		448	3	
28		449	1	
29		12	4	
29		79	3	
29		180	3	
29		182	3	
29		264	2	
29		268	4	
29		286	4	
29		300	2	
29		303	3	
29		306	3	
29		312	3	
29		326	1	
29		480	3	
30		2	2	
30		29	2	
30		50	2	
30		69	4	
30		135	4	
30		161	3	
30		164	3	
30		172	3	
30		174	4	
30		242	4	
30		252	2	
30		257	3	
30		258	4	
30		259	3	
30		304	3	
30		313	4	
30		315	3	
30		319	3	
30		321	3	
30		403	1	
31		32	4	
31		136	4	
31		153	3	
31		175	4	
31		192	3	
31		262	4	
31		268	2	
31		271	3	
31		299	3	
31		303	2	
31		306	2	
31		319	3	
31		328	1	
31		340	2	
31		490	3	
32		7	3	
32		9	2	
32		50	3	
32		111	2	
32		181	3	
32		222	2	
32		240	1	
32		248	3	
32		268	4	
32		271	2	
32		288	3	
32		298	4	
32		307	1	
32		313	3	
32		405	3	
32		408	2	
32		455	1	
32		475	4	
33		245	2	
33		260	3	
33		271	3	
33		288	3	
33		294	2	
33		300	3	
33		323	3	
33		329	3	
33		339	2	
33		348	3	
34		288	1	
34		289	0	
34		292	4	
34		294	0	
34		324	4	
35		258	1	
35		261	2	
35		264	1	
35		266	2	
35		300	4	
35		321	2	
35		326	2	
35		327	2	
35		328	2	
35		333	3	
35		358	0	
36		261	4	
36		288	3	
36		289	1	
36		333	3	
36		358	4	
37		7	3	
37		27	3	
37		50	4	
37		62	4	
37		68	4	
37		82	0	
37		89	3	
37		92	3	
37		96	3	
37		118	1	
37		121	1	
37		127	3	
37		147	2	
37		172	3	
37		174	4	
37		210	3	
37		226	4	
37		230	3	
37		231	1	
37		233	3	
37		273	2	
37		385	3	
37		405	3	
37		472	1	
38		35	4	
38		69	4	
38		70	4	
38		78	4	
38		84	4	
38		97	4	
38		105	2	
38		112	4	
38		127	1	
38		144	4	
38		155	4	
38		162	4	
38		185	1	
38		188	1	
38		195	0	
38		200	4	
38		202	1	
38		243	2	
38		247	4	
38		259	2	
38		288	4	
38		294	4	
38		313	4	
38		326	4	
38		356	1	
38		395	2	
38		400	0	
38		401	2	
38		402	4	
38		405	4	
38		406	1	
38		409	4	
38		410	2	
38		411	2	
38		413	0	
38		418	4	
38		420	4	
38		433	4	
38		445	1	
38		447	4	
38		451	4	
38		452	4	
39		269	3	
39		270	3	
39		272	1	
39		288	4	
39		294	3	
39		301	2	
39		302	4	
39		307	1	
39		313	3	
39		319	3	
39		339	2	
40		242	3	
40		245	2	
40		259	1	
40		269	0	
40		270	2	
40		272	1	
40		286	1	
40		300	2	
40		302	2	
40		305	3	
40		310	2	
40		316	2	
40		321	3	
40		328	2	
40		337	3	
40		343	0	
40		346	1	
40		358	2	
41		50	4	
41		56	3	
41		58	2	
41		96	3	
41		97	2	
41		135	3	
41		152	3	
41		156	3	
41		168	4	
41		173	3	
41		175	4	
41		180	4	
41		188	3	
41		191	3	
41		194	2	
41		195	3	
41		196	2	
41		202	1	
41		205	3	
41		216	2	
41		238	4	
41		276	1	
41		318	3	
41		357	3	
41		414	3	
41		430	4	
41		474	4	
42		1	4	
42		2	4	
42		15	3	
42		38	2	
42		43	1	
42		50	4	
42		54	3	
42		58	4	
42		64	4	
42		66	3	
42		71	3	
42		73	3	
42		83	3	
42		86	2	
42		87	3	
42		97	2	
42		103	2	
42		111	0	
42		125	3	
42		132	4	
42		135	3	
42		136	3	
42		141	2	
42		151	3	
42		161	3	
42		168	2	
42		173	4	
42		174	4	
42		175	1	
42		181	4	
42		202	4	
42		203	3	
42		219	0	
42		227	3	
42		228	3	
42		229	3	
42		237	3	
42		239	4	
42		273	2	
42		282	3	
42		283	2	
42		284	2	
42		290	2	
42		294	3	
42		318	4	
42		369	3	
42		371	3	
42		385	4	
42		387	2	
42		402	4	
42		411	3	
42		419	4	
42		427	3	
42		433	1	
42		443	2	
42		462	1	
42		467	2	
42		468	3	
42		469	3	
42		471	3	
42		491	2	
43		3	1	
43		4	3	
43		8	3	
43		9	3	
43		12	4	
43		25	4	
43		28	3	
43		58	2	
43		69	3	
43		70	3	
43		73	3	
43		79	3	
43		82	3	
43		86	3	
43		88	4	
43		97	4	
43		100	3	
43		102	3	
43		111	3	
43		121	3	
43		122	1	
43		123	0	
43		124	3	
43		127	3	
43		131	2	
43		133	3	
43		140	3	
43		143	3	
43		144	3	
43		168	3	
43		169	4	
43		172	3	
43		174	3	
43		186	2	
43		189	4	
43		196	3	
43		202	4	
43		208	4	
43		211	3	
43		217	1	
43		222	3	
43		226	2	
43		231	3	
43		248	3	
43		250	1	
43		254	2	
43		257	3	
43		258	4	
43		269	4	
43		274	4	
43		276	3	
43		277	0	
43		278	2	
43		280	2	
43		283	1	
43		290	3	
43		291	2	
43		294	4	
43		301	4	
43		312	3	
43		313	4	
43		317	1	
43		347	2	
43		354	3	
43		367	3	
43		385	4	
43		408	4	
43		411	2	
43		418	3	
43		421	2	
43		473	2	
43		479	3	
43		482	3	
43		491	3	
43		496	4	
44		1	3	
44		7	4	
44		22	3	
44		24	2	
44		25	1	
44		31	3	
44		50	4	
44		64	4	
44		67	2	
44		69	3	
44		71	2	
44		81	3	
44		87	4	
44		89	4	
44		90	1	
44		97	1	
44		98	1	
44		99	3	
44		100	4	
44		102	1	
44		109	2	
44		121	3	
44		132	3	
44		133	3	
44		135	4	
44		143	3	
44		144	3	
44		151	3	
44		157	3	
44		159	2	
44		163	3	
44		172	3	
44		173	4	
44		175	3	
44		181	3	
44		183	3	
44		190	4	
44		194	4	
44		196	3	
44		197	3	
44		198	3	
44		200	3	
44		201	1	
44		211	3	
44		222	3	
44		231	1	
44		249	3	
44		260	3	
44		298	1	
44		307	3	
44		313	3	
44		318	4	
44		328	3	
44		380	3	
44		405	2	
44		419	3	
44		423	3	
44		427	2	
44		429	3	
44		432	4	
44		447	3	
44		448	1	
44		450	1	
44		480	3	
44		496	3	
45		7	2	
45		13	4	
45		24	2	
45		50	4	
45		111	3	
45		151	1	
45		181	3	
45		225	3	
45		257	4	
45		278	2	
45		282	3	
45		284	3	
45		288	2	
45		411	2	
46		50	3	
46		93	3	
46		100	3	
46		125	3	
46		245	2	
46		262	4	
46		286	4	
46		300	2	
46		305	4	
46		332	3	
47		258	3	
47		262	4	
47		269	3	
47		286	2	
47		288	1	
47		289	3	
47		301	3	
47		303	3	
47		304	2	
47		305	4	
47		307	3	
47		322	1	
47		327	3	
48		56	2	
48		98	4	
48		136	3	
48		183	4	
48		185	3	
48		191	4	
48		193	1	
48		194	3	
48		209	4	
48		215	3	
48		243	2	
48		269	0	
48		289	0	
48		294	2	
48		302	3	
48		323	2	
48		357	4	
48		428	3	
48		479	3	
48		480	3	
48		483	4	
48		496	4	
49		2	0	
49		4	1	
49		8	2	
49		12	3	
49		13	2	
49		25	1	
49		42	3	
49		50	0	
49		54	1	
49		57	3	
49		62	1	
49		71	2	
49		77	0	
49		80	0	
49		82	0	
49		85	2	
49		90	0	
49		91	4	
49		93	4	
49		96	0	
49		98	3	
49		99	3	
49		121	0	
49		145	0	
49		147	0	
49		154	4	
49		159	1	
49		161	0	
49		171	3	
49		174	0	
49		181	0	
49		182	2	
49		200	2	
49		208	3	
49		209	4	
49		217	2	
49		218	1	
49		225	1	
49		235	1	
49		239	1	
49		240	2	
49		256	3	
49		262	4	
49		270	1	
49		283	2	
49		287	3	
49		289	3	
49		300	0	
49		301	2	
49		320	4	
49		324	3	
49		328	1	
49		358	0	
49		367	2	
49		372	3	
49		382	1	
49		396	3	
49		403	2	
49		404	2	
49		419	3	
49		420	3	
49		428	4	
49		432	4	
49		433	4	
49		455	0	
49		465	2	
49		475	3	
49		477	1	
50		15	1	
50		100	1	
50		124	0	
50		268	3	
50		276	1	
50		288	3	
50		319	4	
50		324	4	
50		327	2	
51		50	4	
51		83	4	
51		134	1	
51		136	3	
51		144	4	
51		172	4	
51		173	4	
51		181	4	
51		184	2	
51		203	3	
51		210	3	
51		479	2	
52		7	4	
52		13	4	
52		19	4	
52		22	4	
52		25	4	
52		100	3	
52		107	3	
52		111	3	
52		117	3	
52		121	3	
52		126	4	
52		151	4	
52		191	4	
52		204	3	
52		237	3	
52		258	4	
52		277	4	
52		282	3	
52		285	4	
52		288	2	
52		302	3	
52		318	4	
52		333	3	
52		463	4	
52		471	3	
52		473	3	
53		7	2	
53		15	4	
53		25	3	
53		50	3	
53		64	4	
53		96	3	
53		118	3	
53		121	3	
53		151	3	
53		156	3	
53		257	3	
53		284	1	
54		1	3	
54		7	3	
54		24	0	
54		25	3	
54		100	4	
54		117	4	
54		148	2	
54		151	1	
54		181	4	
54		240	3	
54		245	3	
54		250	3	
54		252	2	
54		255	2	
54		272	4	
54		288	3	
54		291	0	
54		295	2	
54		307	3	
54		328	3	
54		338	2	
54		340	3	
54		346	3	
54		405	3	
54		471	3	
55		7	2	
55		22	4	
55		50	3	
55		79	4	
55		117	2	
55		118	4	
55		121	2	
55		174	3	
55		181	3	
56		11	3	
56		22	4	
56		28	4	
56		42	3	
56		50	4	
56		53	2	
56		62	4	
56		66	2	
56		67	1	
56		78	2	
56		87	3	
56		88	0	
56		89	3	
56		97	2	
56		111	1	
56		114	3	
56		117	4	
56		144	4	
56		151	3	
56		153	3	
56		154	1	
56		158	2	
56		161	3	
56		167	2	
56		173	3	
56		176	4	
56		183	4	
56		191	3	
56		193	4	
56		200	3	
56		204	4	
56		210	4	
56		225	1	
56		226	3	
56		227	2	
56		229	2	
56		232	3	
56		233	0	
56		234	3	
56		237	4	
56		238	4	
56		265	3	
56		280	3	
56		281	1	
56		295	2	
56		298	3	
56		300	3	
56		323	2	
56		373	3	
56		376	2	
56		385	3	
56		386	2	
56		393	3	
56		395	2	
56		399	3	
56		403	3	
56		405	3	
56		408	3	
56		410	3	
56		421	3	
56		423	4	
56		441	3	
56		443	3	
56		473	1	
56		483	3	
57		1	4	
57		8	3	
57		11	2	
57		15	3	
57		24	2	
57		42	4	
57		50	4	
57		64	4	
57		105	2	
57		109	3	
57		111	3	
57		117	3	
57		121	3	
57		125	2	
57		126	2	
57		144	2	
57		168	2	
57		181	4	
57		194	3	
57		195	2	
57		240	1	
57		245	3	
57		249	4	
57		257	4	
57		258	4	
57		284	2	
57		288	3	
57		295	4	
57		318	4	
57		323	2	
57		405	3	
57		471	3	
57		472	0	
57		473	2	
57		475	1	
57		477	3	
57		496	3	
58		1	4	
58		7	4	
58		11	4	
58		12	4	
58		25	3	
58		56	4	
58		70	3	
58		98	3	
58		111	3	
58		116	4	
58		121	1	
58		124	4	
58		127	3	
58		134	4	
58		135	3	
58		137	4	
58		151	2	
58		153	4	
58		168	4	
58		169	3	
58		171	4	
58		172	4	
58		174	3	
58		175	4	
58		176	3	
58		181	2	
58		185	1	
58		189	2	
58		191	4	
58		199	3	
58		200	2	
58		203	4	
58		209	4	
58		210	3	
58		213	4	
58		223	4	
58		238	4	
58		249	3	
58		255	3	
58		269	3	
58		300	3	
58		310	3	
58		313	4	
58		354	2	
58		367	4	
58		405	1	
58		433	4	
58		462	3	
58		463	2	
58		474	3	
58		491	3	
58		496	1	
58		497	1	
59		1	1	
59		3	3	
59		4	3	
59		9	3	
59		11	4	
59		15	4	
59		22	3	
59		24	3	
59		28	4	
59		30	4	
59		32	3	
59		42	4	
59		44	3	
59		51	4	
59		52	3	
59		53	4	
59		55	4	
59		56	4	
59		58	3	
59		59	4	
59		60	4	
59		61	3	
59		64	4	
59		68	1	
59		69	4	
59		73	3	
59		79	4	
59		81	3	
59		83	3	
59		86	2	
59		87	3	
59		89	4	
59		90	1	
59		91	3	
59		96	4	
59		97	4	
59		99	3	
59		106	3	
59		111	3	
59		116	3	
59		123	2	
59		129	4	
59		133	2	
59		135	4	
59		137	4	
59		143	0	
59		147	4	
59		149	3	
59		151	4	
59		161	2	
59		168	4	
59		174	4	
59		176	4	
59		179	4	
59		180	3	
59		181	4	
59		182	4	
59		184	3	
59		185	4	
59		187	4	
59		190	4	
59		191	3	
59		193	3	
59		194	2	
59		197	4	
59		198	4	
59		199	3	
59		201	3	
59		205	2	
59		210	3	
59		211	4	
59		212	3	
59		216	3	
59		219	4	
59		220	1	
59		226	3	
59		228	3	
59		232	2	
59		234	4	
59		237	2	
59		240	1	
59		243	0	
59		265	3	
59		273	1	
59		276	4	
59		277	3	
59		284	1	
59		285	3	
59		288	4	
59		290	2	
59		313	4	
59		321	3	
59		357	4	
59		369	1	
59		371	3	
59		380	2	
59		392	1	
59		393	1	
59		402	3	
59		403	4	
59		404	2	
59		410	2	
59		416	2	
59		423	4	
59		425	3	
59		430	4	
59		432	3	
59		434	3	
59		435	4	
59		436	4	
59		443	4	
59		451	4	
59		458	3	
59		462	4	
59		465	1	
59		466	3	
59		472	2	
59		474	4	
59		477	2	
59		479	4	
59		480	4	
59		483	4	
59		484	3	
59		489	3	
59		491	3	
59		492	3	
59		498	4	
60		7	4	
60		8	2	
60		9	4	
60		12	3	
60		15	3	
60		23	3	
60		30	4	
60		50	4	
60		59	4	
60		69	3	
60		70	3	
60		73	3	
60		89	4	
60		95	3	
60		96	3	
60		97	2	
60		121	3	
60		128	2	
60		131	3	
60		133	3	
60		134	3	
60		135	4	
60		136	3	
60		141	2	
60		144	3	
60		153	2	
60		160	3	
60		166	3	
60		168	4	
60		173	3	
60		174	3	
60		175	4	
60		181	3	
60		185	3	
60		195	3	
60		204	3	
60		205	3	
60		209	4	
60		210	3	
60		211	3	
60		212	4	
60		215	3	
60		225	2	
60		227	3	
60		228	3	
60		229	3	
60		230	3	
60		237	3	
60		265	4	
60		275	3	
60		286	4	
60		327	3	
60		357	3	
60		366	3	
60		378	3	
60		385	3	
60		393	3	
60		404	2	
60		405	3	
60		411	2	
60		418	2	
60		419	2	
60		423	3	
60		429	4	
60		433	3	
60		434	4	
60		435	3	
60		445	4	
60		479	4	
60		482	3	
60		483	4	
60		484	4	
60		491	3	
60		494	3	
60		496	3	
61		258	3	
61		269	2	
61		271	0	
61		294	1	
61		300	4	
61		301	0	
61		304	3	
61		310	3	
61		327	1	
61		333	2	
62		1	1	
62		7	3	
62		9	3	
62		13	3	
62		15	1	
62		22	3	
62		44	2	
62		50	4	
62		53	1	
62		56	4	
62		62	2	
62		64	3	
62		69	3	
62		70	2	
62		71	3	
62		72	2	
62		76	3	
62		81	3	
62		82	3	
62		83	4	
62		91	3	
62		97	1	
62		98	3	
62		116	2	
62		117	3	
62		127	3	
62		128	1	
62		129	2	
62		134	3	
62		144	2	
62		151	4	
62		159	2	
62		167	1	
62		170	2	
62		171	3	
62		172	4	
62		174	3	
62		188	2	
62		190	4	
62		191	4	
62		195	4	
62		196	3	
62		199	3	
62		204	2	
62		207	2	
62		210	3	
62		215	2	
62		217	1	
62		222	4	
62		230	1	
62		237	2	
62		238	4	
62		241	0	
62		245	1	
62		250	4	
62		252	2	
62		271	0	
62		273	3	
62		275	3	
62		276	4	
62		283	3	
62		285	3	
62		290	2	
62		357	3	
62		380	4	
62		387	1	
62		402	2	
62		403	3	
62		405	2	
62		431	1	
62		436	2	
62		451	2	
62		455	2	
62		463	3	
62		466	2	
62		472	1	
62		474	3	
62		483	3	
63		1	2	
63		3	1	
63		10	3	
63		14	3	
63		15	2	
63		25	3	
63		79	2	
63		108	1	
63		121	0	
63		137	3	
63		181	2	
63		224	3	
63		257	2	
63		258	2	
63		259	2	
63		262	3	
63		269	2	
63		276	3	
63		282	0	
63		283	3	
63		284	2	
63		285	2	
63		286	3	
63		287	2	
63		294	1	
63		302	2	
63		321	2	
63		322	1	
63		325	1	
63		333	3	
63		405	3	
63		473	1	
63		475	3	
63		480	2	
64		10	4	
64		11	3	
64		22	3	
64		28	3	
64		31	3	
64		32	0	
64		48	4	
64		50	4	
64		79	3	
64		81	3	
64		82	2	
64		87	3	
64		89	2	
64		91	3	
64		97	2	
64		98	3	
64		101	1	
64		111	3	
64		121	1	
64		127	4	
64		132	3	
64		135	3	
64		141	3	
64		143	3	
64		144	2	
64		153	2	
64		162	2	
64		168	4	
64		172	3	
64		174	4	
64		179	4	
64		182	3	
64		183	4	
64		184	3	
64		185	3	
64		186	3	
64		188	3	
64		190	3	
64		191	3	
64		194	4	
64		195	4	
64		196	3	
64		197	2	
64		203	3	
64		209	4	
64		210	2	
64		218	0	
64		227	2	
64		228	3	
64		234	3	
64		235	3	
64		237	3	
64		241	2	
64		258	2	
64		265	3	
64		269	4	
64		271	2	
64		273	1	
64		275	3	
64		288	3	
64		300	2	
64		310	3	
64		313	3	
64		326	2	
64		340	3	
64		347	2	
64		356	2	
64		384	1	
64		389	3	
64		405	2	
64		419	1	
64		423	3	
64		425	3	
64		431	3	
64		434	3	
64		435	3	
64		436	4	
64		463	3	
64		475	4	
64		480	2	
64		496	4	
65		1	2	
65		9	4	
65		15	4	
65		25	3	
65		28	3	
65		50	4	
65		63	1	
65		64	4	
65		65	2	
65		66	2	
65		69	2	
65		73	3	
65		77	4	
65		87	4	
65		88	3	
65		98	3	
65		111	3	
65		168	3	
65		178	4	
65		179	2	
65		185	3	
65		194	3	
65		215	4	
65		237	3	
65		238	2	
65		255	2	
65		258	2	
65		294	3	
65		356	4	
65		365	2	
65		378	4	
65		392	4	
65		393	3	
65		402	3	
65		423	4	
65		471	3	
65		476	2	
66		9	3	
66		24	2	
66		50	4	
66		121	2	
66		127	3	
66		237	3	
66		248	3	
66		257	2	
66		282	2	
66		284	2	
66		286	0	
66		294	3	
66		295	2	
66		300	4	
66		405	2	
67		24	3	
67		25	3	
67		105	3	
67		117	4	
67		125	3	
67		235	2	
67		273	3	
67		412	0	
68		9	3	
68		25	3	
68		111	2	
68		121	0	
68		127	3	
68		181	4	
68		258	4	
68		275	4	
68		276	4	
68		286	4	
68		409	2	
68		458	0	
68		475	4	
69		7	4	
69		42	4	
69		50	4	
69		79	3	
69		98	4	
69		117	3	
69		123	3	
69		124	3	
69		172	4	
69		181	4	
69		182	3	
69		197	4	
69		222	2	
69		234	4	
69		235	2	
69		236	3	
69		237	2	
69		245	0	
69		246	4	
69		265	3	
69		273	2	
69		282	2	
69		288	4	
69		289	3	
69		294	1	
69		298	3	
69		302	3	
69		307	1	
69		334	2	
69		475	2	
70		1	3	
70		8	3	
70		15	2	
70		24	3	
70		28	3	
70		63	2	
70		79	3	
70		83	3	
70		88	3	
70		91	2	
70		94	2	
70		95	3	
70		99	3	
70		101	2	
70		132	3	
70		135	3	
70		142	2	
70		143	4	
70		150	2	
70		161	2	
70		168	3	
70		172	4	
70		173	3	
70		174	4	
70		175	2	
70		181	3	
70		183	3	
70		204	2	
70		208	3	
70		214	2	
70		222	3	
70		225	2	
70		227	2	
70		229	2	
70		230	3	
70		231	2	
70		257	3	
70		264	3	
70		289	2	
70		300	3	
70		313	3	
70		343	3	
70		380	2	
70		393	3	
70		403	3	
70		404	3	
70		405	2	
70		408	3	
70		411	2	
70		418	2	
70		429	2	
70		449	1	
70		450	0	
70		451	3	
70		473	2	
70		483	4	
70		496	3	
71		6	2	
71		14	4	
71		52	3	
71		64	3	
71		98	3	
71		100	3	
71		153	3	
71		168	4	
71		174	1	
71		175	3	
71		177	1	
71		181	2	
71		197	4	
71		248	2	
71		257	4	
71		282	2	
71		286	3	
71		302	2	
71		357	4	
71		429	3	
72		1	3	
72		2	2	
72		5	3	
72		7	0	
72		9	4	
72		15	4	
72		23	3	
72		25	4	
72		50	1	
72		56	4	
72		58	3	
72		69	3	
72		77	3	
72		81	2	
72		97	3	
72		98	4	
72		106	3	
72		118	2	
72		134	4	
72		147	4	
72		170	2	
72		174	4	
72		187	3	
72		188	3	
72		191	4	
72		194	3	
72		197	4	
72		198	4	
72		212	4	
72		215	3	
72		220	2	
72		222	0	
72		228	0	
72		229	0	
72		233	3	
72		237	2	
72		241	3	
72		271	0	
72		318	4	
72		380	0	
72		402	3	
72		403	2	
72		405	2	
72		443	2	
72		461	2	
72		466	3	
72		471	3	
72		476	3	
72		493	4	
73		1	1	
73		32	3	
73		59	4	
73		64	4	
73		82	1	
73		96	1	
73		129	3	
73		135	4	
73		152	2	
73		153	2	
73		154	4	
73		171	4	
73		175	4	
73		179	4	
73		183	3	
73		187	4	
73		188	4	
73		197	4	
73		213	3	
73		246	2	
73		255	1	
73		268	2	
73		269	3	
73		272	3	
73		285	3	
73		289	1	
73		382	3	
73		433	3	
74		7	3	
74		13	3	
74		245	2	
74		258	3	
74		268	2	
74		276	3	
74		294	3	
74		300	2	
74		302	3	
74		307	3	
74		313	4	
74		315	4	
74		328	3	
74		331	3	
74		340	4	
74		351	2	
74		354	2	
74		358	1	
75		1	3	
75		13	4	
75		25	4	
75		56	4	
75		79	4	
75		111	3	
75		114	3	
75		117	3	
75		123	2	
75		129	2	
75		196	3	
75		220	0	
75		222	4	
75		225	1	
75		235	3	
75		289	0	
75		294	2	
75		301	3	
75		304	1	
75		322	0	
75		323	1	
75		405	3	
75		408	3	
75		413	1	
75		427	3	
75		460	4	
75		473	2	
75		477	3	
76		6	4	
76		7	3	
76		24	1	
76		42	2	
76		56	4	
76		60	3	
76		70	3	
76		77	1	
76		93	3	
76		96	4	
76		129	2	
76		137	4	
76		156	2	
76		172	4	
76		182	3	
76		192	4	
76		203	3	
76		216	3	
76		223	1	
76		264	2	
76		270	2	
76		293	3	
76		318	2	
76		324	3	
76		343	2	
76		358	1	
77		1	4	
77		15	1	
77		25	1	
77		28	4	
77		31	2	
77		42	4	
77		56	3	
77		96	2	
77		97	1	
77		98	3	
77		121	1	
77		127	1	
77		132	2	
77		133	1	
77		134	3	
77		154	4	
77		156	3	
77		173	4	
77		175	3	
77		183	4	
77		191	2	
77		192	2	
77		199	4	
77		201	3	
77		209	3	
77		215	1	
77		222	3	
77		228	2	
77		246	4	
77		250	2	
77		252	0	
77		268	4	
77		455	2	
78		25	2	
78		93	3	
78		237	4	
78		257	3	
78		288	3	
78		294	2	
78		301	4	
78		327	0	
78		411	3	
78		476	2	
79		1	3	
79		10	4	
79		19	4	
79		93	1	
79		116	4	
79		222	3	
79		236	4	
79		257	2	
79		258	4	
79		268	4	
79		275	3	
79		276	2	
79		283	3	
79		285	4	
79		306	4	
79		311	3	
79		319	3	
79		333	1	
79		340	3	
80		64	4	
80		79	3	
80		86	4	
80		100	4	
80		154	2	
80		205	4	
80		213	2	
80		237	3	
80		260	0	
80		303	3	
80		483	4	
81		1	3	
81		25	4	
81		42	3	
81		79	4	
81		100	2	
81		111	2	
81		116	2	
81		121	3	
81		150	2	
81		186	4	
81		210	3	
81		237	3	
81		269	2	
81		275	3	
81		276	3	
81		283	3	
81		284	2	
81		288	2	
81		289	2	
81		405	2	
81		456	0	
81		475	4	
82		1	3	
82		3	1	
82		7	2	
82		9	3	
82		21	0	
82		22	2	
82		28	2	
82		50	4	
82		71	3	
82		79	2	
82		81	2	
82		87	2	
82		97	3	
82		99	3	
82		100	4	
82		111	3	
82		112	0	
82		118	2	
82		121	3	
82		125	2	
82		133	3	
82		134	3	
82		168	4	
82		169	3	
82		170	3	
82		175	3	
82		181	3	
82		197	3	
82		211	3	
82		212	3	
82		228	2	
82		230	1	
82		235	0	
82		237	2	
82		238	2	
82		241	2	
82		274	2	
82		283	1	
82		284	3	
82		286	3	
82		288	2	
82		304	2	
82		318	3	
82		326	1	
82		338	0	
82		367	3	
82		409	0	
82		412	0	
82		418	3	
82		424	0	
82		430	4	
82		432	3	
82		435	4	
82		456	0	
82		462	3	
82		473	1	
82		474	2	
82		475	0	
82		483	4	
82		484	3	
82		496	3	
83		2	3	
83		4	1	
83		15	3	
83		25	1	
83		31	4	
83		38	4	
83		50	2	
83		56	0	
83		64	4	
83		66	3	
83		69	3	
83		70	3	
83		71	2	
83		79	4	
83		88	4	
83		111	2	
83		121	3	
83		127	3	
83		151	2	
83		161	3	
83		174	4	
83		191	3	
83		196	4	
83		204	4	
83		225	2	
83		233	3	
83		235	0	
83		240	0	
83		243	2	
83		245	1	
83		248	2	
83		249	1	
83		259	1	
83		274	3	
83		298	3	
83		300	2	
83		319	0	
83		322	2	
83		356	3	
83		371	2	
83		393	4	
83		406	1	
83		409	3	
83		411	1	
83		477	1	
83		479	4	
84		1	1	
84		4	2	
84		15	3	
84		25	2	
84		70	4	
84		79	3	
84		87	4	
84		95	3	
84		98	3	
84		100	3	
84		111	3	
84		117	3	
84		203	2	
84		225	3	
84		245	3	
84		258	3	
84		273	3	
84		274	3	
84		276	3	
84		282	3	
84		286	4	
84		294	2	
84		300	3	
84		317	2	
84		318	4	
84		408	4	
84		411	1	
84		466	3	
84		477	3	
84		486	4	
85		9	3	
85		10	3	
85		14	3	
85		23	3	
85		27	3	
85		28	3	
85		30	2	
85		42	2	
85		50	4	
85		52	2	
85		57	4	
85		64	4	
85		65	2	
85		69	3	
85		79	2	
85		82	2	
85		87	3	
85		99	4	
85		100	2	
85		121	1	
85		132	4	
85		134	4	
85		135	4	
85		136	3	
85		141	2	
85		143	3	
85		150	2	
85		152	4	
85		153	2	
85		161	3	
85		162	1	
85		168	3	
85		170	3	
85		172	3	
85		173	2	
85		174	3	
85		180	3	
85		181	3	
85		182	3	
85		186	2	
85		188	1	
85		190	3	
85		191	3	
85		193	2	
85		194	3	
85		195	2	
85		196	3	
85		197	4	
85		204	3	
85		205	3	
85		210	2	
85		221	1	
85		222	1	
85		229	2	
85		230	2	
85		231	1	
85		232	2	
85		238	1	
85		246	3	
85		258	3	
85		270	2	
85		281	2	
85		284	2	
85		291	2	
85		301	3	
85		310	2	
85		313	3	
85		316	2	
85		319	3	
85		325	1	
85		328	2	
85		333	0	
85		345	3	
85		357	3	
85		378	3	
85		385	2	
85		393	3	
85		405	1	
85		412	2	
85		416	2	
85		419	4	
85		423	3	
85		428	4	
85		432	3	
85		435	3	
85		447	2	
85		458	2	
85		462	3	
85		465	3	
85		474	4	
85		476	2	
85		478	3	
85		481	3	
85		482	3	
85		483	4	
85		485	4	
85		495	2	
85		496	3	
86		242	3	
86		259	3	
86		269	3	
86		270	4	
86		304	2	
86		326	2	
86		328	1	
86		338	0	
87		13	2	
87		21	2	
87		22	3	
87		27	3	
87		38	4	
87		47	2	
87		48	3	
87		49	4	
87		50	4	
87		56	3	
87		62	4	
87		66	4	
87		72	2	
87		80	3	
87		89	3	
87		94	3	
87		100	4	
87		111	3	
87		121	4	
87		127	3	
87		128	2	
87		132	4	
87		134	3	
87		144	3	
87		152	3	
87		153	4	
87		158	2	
87		167	3	
87		172	4	
87		174	4	
87		179	3	
87		180	3	
87		181	4	
87		188	3	
87		194	4	
87		195	4	
87		199	4	
87		202	4	
87		204	4	
87		216	4	
87		222	3	
87		228	4	
87		230	4	
87		232	2	
87		235	2	
87		252	2	
87		273	2	
87		281	3	
87		297	2	
87		321	1	
87		323	2	
87		372	2	
87		396	0	
87		405	3	
87		410	3	
87		414	2	
87		423	2	
87		427	3	
87		433	2	
87		435	4	
87		449	2	
87		451	3	
87		472	3	
87		476	1	
87		477	2	
87		496	4	
88		286	4	
88		300	2	
88		308	3	
88		311	4	
88		313	2	
88		319	2	
88		326	4	
88		354	4	
89		1	4	
89		7	4	
89		13	1	
89		15	4	
89		25	4	
89		49	3	
89		50	4	
89		66	2	
89		86	4	
89		88	3	
89		100	4	
89		107	4	
89		111	3	
89		137	0	
89		173	4	
89		181	3	
89		187	4	
89		202	2	
89		222	4	
89		235	4	
89		236	4	
89		237	3	
89		240	3	
89		269	4	
89		275	4	
89		301	4	
89		321	3	
89		402	3	
89		405	2	
89		451	2	
89		475	4	
90		8	4	
90		10	4	
90		18	2	
90		19	2	
90		20	3	
90		23	4	
90		26	3	
90		52	4	
90		56	4	
90		57	4	
90		59	4	
90		60	3	
90		64	3	
90		65	3	
90		69	0	
90		70	4	
90		89	4	
90		97	4	
90		117	2	
90		126	1	
90		127	3	
90		133	4	
90		134	4	
90		135	4	
90		136	4	
90		137	4	
90		141	4	
90		151	1	
90		153	4	
90		154	4	
90		156	3	
90		162	4	
90		170	4	
90		171	1	
90		174	4	
90		175	2	
90		192	3	
90		193	3	
90		194	4	
90		196	3	
90		198	4	
90		208	2	
90		209	4	
90		211	4	
90		212	3	
90		215	1	
90		216	4	
90		218	4	
90		220	3	
90		221	3	
90		223	3	
90		234	3	
90		242	3	
90		268	3	
90		270	3	
90		273	2	
90		275	4	
90		276	3	
90		285	4	
90		286	4	
90		300	2	
90		302	4	
90		303	3	
90		306	3	
90		310	2	
90		316	4	
90		317	3	
90		322	3	
90		340	3	
90		356	3	
90		385	3	
90		387	4	
90		402	4	
90		427	4	
90		430	2	
90		443	3	
90		447	4	
90		454	1	
90		462	4	
90		464	4	
90		474	4	
90		479	4	
90		480	4	
90		481	4	
90		482	4	
90		485	4	
90		488	4	
90		490	4	
90		491	3	
90		493	4	
90		496	3	
90		497	4	
90		498	4	
91		22	4	
91		31	4	
91		50	4	
91		56	0	
91		69	4	
91		79	4	
91		98	4	
91		127	4	
91		132	2	
91		135	3	
91		136	3	
91		143	3	
91		176	4	
91		182	3	
91		183	4	
91		187	4	
91		192	3	
91		204	3	
91		205	4	
91		210	4	
91		211	1	
91		294	2	
91		300	3	
91		328	3	
91		333	4	
91		343	3	
91		389	1	
91		418	1	
91		429	3	
91		474	2	
91		483	3	
91		495	3	
91		498	2	
92		1	3	
92		4	3	
92		5	3	
92		7	3	
92		8	4	
92		9	3	
92		12	4	
92		13	3	
92		25	2	
92		29	2	
92		38	2	
92		39	2	
92		40	2	
92		44	2	
92		47	3	
92		49	2	
92		50	4	
92		51	3	
92		54	2	
92		55	2	
92		56	4	
92		58	3	
92		63	2	
92		64	3	
92		65	3	
92		68	2	
92		69	4	
92		71	4	
92		72	2	
92		78	2	
92		80	1	
92		82	1	
92		91	2	
92		92	3	
92		95	2	
92		100	4	
92		108	1	
92		111	2	
92		116	2	
92		117	3	
92		118	1	
92		120	1	
92		122	2	
92		125	3	
92		143	2	
92		145	1	
92		147	1	
92		149	2	
92		153	3	
92		155	1	
92		156	3	
92		157	3	
92		160	3	
92		167	2	
92		169	4	
92		171	3	
92		174	4	
92		179	4	
92		182	3	
92		186	3	
92		193	3	
92		195	4	
92		198	4	
92		199	2	
92		200	2	
92		202	2	
92		204	3	
92		208	3	
92		210	3	
92		212	3	
92		217	2	
92		218	3	
92		222	3	
92		225	2	
92		227	0	
92		228	3	
92		230	2	
92		231	2	
92		233	2	
92		234	3	
92		235	2	
92		237	3	
92		239	3	
92		240	1	
92		243	0	
92		245	3	
92		246	3	
92		250	3	
92		257	1	
92		258	3	
92		260	0	
92		265	3	
92		268	3	
92		271	1	
92		274	3	
92		282	3	
92		284	1	
92		294	2	
92		304	3	
92		307	3	
92		322	2	
92		356	2	
92		363	2	
92		364	2	
92		368	0	
92		369	2	
92		370	0	
92		382	3	
92		383	0	
92		385	3	
92		396	2	
92		401	2	
92		402	2	
92		405	1	
92		406	1	
92		408	3	
92		409	2	
92		411	3	
92		418	2	
92		421	3	
92		425	3	
92		428	3	
92		432	2	
92		433	4	
92		436	3	
92		449	2	
92		450	1	
92		451	2	
92		452	1	
92		456	1	
92		466	3	
92		474	3	
93		1	4	
93		14	3	
93		118	2	
93		121	2	
93		151	0	
93		276	1	
93		283	3	
94		4	3	
94		7	3	
94		11	4	
94		22	3	
94		25	2	
94		29	1	
94		32	4	
94		41	2	
94		42	3	
94		47	4	
94		49	3	
94		51	2	
94		53	3	
94		54	3	
94		56	4	
94		66	1	
94		67	2	
94		69	2	
94		71	3	
94		72	2	
94		77	2	
94		80	1	
94		81	3	
94		83	3	
94		86	4	
94		90	2	
94		91	4	
94		93	3	
94		94	1	
94		97	3	
94		98	3	
94		111	3	
94		121	1	
94		125	0	
94		127	4	
94		132	3	
94		134	4	
94		142	2	
94		143	3	
94		151	4	
94		154	4	
94		159	2	
94		160	3	
94		164	2	
94		172	3	
94		173	3	
94		176	3	
94		177	4	
94		179	4	
94		181	3	
94		182	4	
94		183	4	
94		187	3	
94		188	3	
94		190	4	
94		191	4	
94		192	3	
94		194	3	
94		195	2	
94		196	3	
94		200	3	
94		201	3	
94		204	3	
94		208	3	
94		209	4	
94		210	3	
94		215	3	
94		219	3	
94		225	2	
94		226	1	
94		228	3	
94		230	1	
94		233	2	
94		238	4	
94		245	0	
94		248	3	
94		250	3	
94		260	1	
94		268	3	
94		274	3	
94		281	2	
94		286	3	
94		293	3	
94		302	3	
94		317	4	
94		318	4	
94		328	2	
94		338	3	
94		355	1	
94		356	3	
94		357	4	
94		365	2	
94		367	3	
94		368	1	
94		369	0	
94		372	3	
94		381	3	
94		386	3	
94		391	2	
94		392	2	
94		399	3	
94		401	3	
94		403	2	
94		404	3	
94		411	2	
94		412	1	
94		417	2	
94		418	2	
94		419	2	
94		423	3	
94		432	3	
94		433	3	
94		435	3	
94		436	4	
94		451	3	
94		464	4	
94		465	4	
94		469	3	
94		474	4	
94		475	4	
94		477	1	
94		484	4	
95		8	4	
95		22	3	
95		25	2	
95		28	3	
95		31	3	
95		49	2	
95		50	4	
95		51	3	
95		52	3	
95		58	2	
95		62	3	
95		63	2	
95		65	3	
95		67	1	
95		70	3	
95		71	4	
95		72	1	
95		73	3	
95		77	3	
95		78	2	
95		82	2	
95		89	2	
95		91	4	
95		94	4	
95		95	2	
95		97	3	
95		98	3	
95		99	3	
95		102	3	
95		110	1	
95		121	3	
95		127	3	
95		133	2	
95		139	3	
95		140	2	
95		141	3	
95		144	4	
95		153	4	
95		168	3	
95		170	4	
95		175	4	
95		177	2	
95		179	2	
95		180	2	
95		182	1	
95		183	4	
95		186	4	
95		188	2	
95		190	3	
95		193	2	
95		194	4	
95		195	4	
95		196	3	
95		197	3	
95		198	4	
95		199	4	
95		200	1	
95		203	2	
95		205	2	
95		207	4	
95		208	3	
95		209	3	
95		210	4	
95		215	3	
95		216	4	
95		219	3	
95		227	1	
95		228	3	
95		234	1	
95		237	1	
95		238	4	
95		250	3	
95		257	4	
95		274	3	
95		275	2	
95		282	3	
95		290	2	
95		294	1	
95		356	3	
95		381	3	
95		386	1	
95		389	3	
95		391	1	
95		392	2	
95		398	0	
95		399	3	
95		405	2	
95		415	2	
95		419	3	
95		420	3	
95		423	4	
95		431	2	
95		433	3	
95		436	4	
95		447	1	
95		448	2	
95		449	2	
95		450	1	
95		451	2	
95		462	3	
95		463	4	
95		465	2	
95		472	4	
95		473	3	
95		485	4	
95		491	3	
95		495	3	
96		7	4	
96		42	0	
96		56	4	
96		83	2	
96		89	4	
96		98	4	
96		127	4	
96		144	3	
96		174	4	
96		181	4	
96		182	3	
96		183	3	
96		185	4	
96		187	4	
96		190	3	
96		194	1	
96		195	4	
96		196	3	
96		200	4	
96		216	3	
96		234	3	
96		238	3	
96		265	4	
96		318	4	
96		423	4	
96		445	3	
96		486	2	
97		1	3	
97		23	4	
97		69	4	
97		82	3	
97		83	0	
97		96	4	
97		100	1	
97		132	4	
97		133	0	
97		135	4	
97		153	4	
97		169	4	
97		172	3	
97		173	2	
97		175	4	
97		183	4	
97		186	2	
97		189	3	
97		191	4	
97		193	3	
97		195	4	
97		197	2	
97		204	4	
97		205	1	
97		208	4	
97		408	4	
97		423	4	
97		431	2	
97		434	3	
97		496	1	
98		25	4	
98		88	2	
98		152	2	
98		168	1	
98		194	4	
98		210	3	
98		211	3	
98		322	2	
98		428	4	
98		435	4	
99		1	3	
99		22	4	
99		25	2	
99		28	2	
99		64	4	
99		92	3	
99		98	4	
99		105	1	
99		116	1	
99		117	4	
99		120	1	
99		121	2	
99		125	3	
99		147	4	
99		172	4	
99		173	3	
99		174	4	
99		201	2	
99		210	4	
99		238	3	
99		240	3	
99		275	0	
99		276	1	
99		282	2	
99		290	3	
99		294	3	
99		300	3	
99		310	2	
99		313	4	
99		315	3	
99		326	2	
99		329	3	
99		332	2	
99		342	0	
99		345	2	
99		348	3	
99		358	1	
99		367	3	
99		405	3	
99		433	3	
99		456	2	
99		471	3	
99		473	3	
99		475	4	
100		258	3	
100		269	3	
100		270	2	
100		271	2	
100		272	3	
100		286	2	
100		294	3	
100		300	3	
100		310	2	
100		315	4	
100		326	2	
100		328	3	
100		346	2	
100		347	3	
100		349	2	
101		1	2	
101		7	2	
101		111	1	
101		117	3	
101		125	3	
101		147	3	
101		151	2	
101		181	3	
101		225	2	
101		255	3	
101		257	3	
101		278	1	
101		280	2	
101		288	3	
101		370	1	
101		411	1	
101		412	1	
101		472	2	
102		1	2	
102		2	1	
102		4	1	
102		7	1	
102		11	2	
102		13	2	
102		29	0	
102		38	1	
102		49	1	
102		53	1	
102		55	2	
102		56	2	
102		68	1	
102		72	2	
102		73	2	
102		82	1	
102		88	2	
102		91	2	
102		95	3	
102		117	2	
102		127	1	
102		153	1	
102		154	2	
102		168	2	
102		172	2	
102		174	3	
102		175	3	
102		182	2	
102		185	2	
102		187	2	
102		188	1	
102		194	2	
102		200	2	
102		201	1	
102		204	3	
102		210	2	
102		211	2	
102		218	2	
102		219	1	
102		226	1	
102		227	3	
102		228	3	
102		229	2	
102		230	1	
102		231	1	
102		234	2	
102		235	2	
102		241	2	
102		245	2	
102		258	3	
102		260	1	
102		265	2	
102		269	1	
102		272	2	
102		273	2	
102		288	1	
102		294	1	
102		301	2	
102		316	2	
102		319	3	
102		327	1	
102		328	1	
102		332	2	
102		334	1	
102		338	1	
102		373	1	
102		384	1	
102		386	1	
102		396	1	
102		409	1	
102		411	1	
102		431	2	
102		435	2	
102		436	1	
102		447	3	
102		449	3	
102		450	0	
102		476	2	
103		56	4	
103		98	2	
103		118	2	
103		181	3	
103		204	2	
103		211	2	
103		250	3	
103		252	1	
103		255	4	
103		257	2	
103		294	3	
103		301	3	
103		405	2	
103		487	3	
104		3	2	
104		9	1	
104		10	1	
104		13	2	
104		15	4	
104		50	4	
104		111	0	
104		121	1	
104		124	1	
104		126	3	
104		127	2	
104		130	0	
104		181	4	
104		222	2	
104		237	2	
104		246	2	
104		250	2	
104		255	0	
104		257	3	
104		258	2	
104		268	2	
104		270	3	
104		271	0	
104		272	3	
104		273	2	
104		276	3	
104		286	0	
104		289	3	
104		290	3	
104		294	2	
104		302	4	
104		307	1	
104		310	1	
104		311	0	
104		313	3	
104		316	3	
104		328	2	
104		330	0	
104		332	1	
104		333	1	
104		340	2	
104		345	3	
104		405	2	
104		407	1	
104		456	2	
104		471	2	
105		264	1	
105		269	3	
105		270	4	
105		271	1	
105		288	3	
105		302	4	
105		313	4	
105		324	3	
105		327	3	
105		340	2	
105		343	1	
105		347	2	
106		9	3	
106		12	3	
106		14	3	
106		25	3	
106		28	3	
106		59	3	
106		70	2	
106		82	2	
106		100	2	
106		161	2	
106		162	4	
106		191	4	
106		210	3	
106		211	3	
106		216	4	
106		244	3	
106		274	2	
106		275	3	
106		280	1	
106		318	4	
106		463	2	
106		495	3	
107		259	1	
107		264	2	
107		268	3	
107		286	1	
107		288	2	
107		312	3	
107		313	1	
107		322	0	
107		323	0	
107		325	2	
107		327	2	
108		1	3	
108		7	4	
108		124	3	
108		127	3	
108		222	1	
108		252	2	
108		255	1	
108		281	3	
108		284	2	
108		294	3	
108		304	2	
108		319	4	
108		405	2	
109		11	3	
109		12	3	
109		15	3	
109		17	3	
109		22	3	
109		25	3	
109		28	2	
109		29	2	
109		50	4	
109		53	3	
109		54	2	
109		55	1	
109		56	4	
109		63	2	
109		64	1	
109		67	4	
109		70	3	
109		71	3	
109		72	4	
109		77	3	
109		79	4	
109		81	1	
109		82	4	
109		88	3	
109		95	3	
109		98	3	
109		111	3	
109		118	2	
109		122	1	
109		125	4	
109		144	3	
109		151	4	
109		156	4	
109		161	2	
109		164	4	
109		168	2	
109		173	4	
109		174	4	
109		175	0	
109		177	3	
109		179	3	
109		180	2	
109		181	4	
109		186	2	
109		191	3	
109		202	4	
109		209	0	
109		210	4	
109		211	4	
109		216	2	
109		222	3	
109		226	4	
109		227	4	
109		228	4	
109		229	4	
109		231	2	
109		233	3	
109		234	3	
109		238	1	
109		239	3	
109		250	1	
109		257	4	
109		265	4	
109		282	2	
109		288	4	
109		317	1	
109		323	2	
109		332	2	
109		358	1	
109		365	3	
109		367	2	
109		373	4	
109		385	3	
109		386	0	
109		391	1	
109		395	2	
109		403	4	
109		405	4	
109		410	0	
109		411	3	
109		413	2	
109		425	1	
109		431	2	
109		449	4	
109		451	4	
109		452	1	
109		476	2	
110		2	2	
110		12	3	
110		29	2	
110		31	2	
110		33	3	
110		41	3	
110		43	2	
110		54	3	
110		55	2	
110		56	0	
110		63	2	
110		64	3	
110		67	2	
110		69	3	
110		88	3	
110		94	3	
110		96	3	
110		161	4	
110		173	0	
110		184	0	
110		196	3	
110		215	2	
110		226	2	
110		230	2	
110		231	0	
110		238	2	
110		258	3	
110		272	3	
110		288	3	
110		294	2	
110		313	4	
110		315	3	
110		325	2	
110		326	3	
110		333	3	
110		338	0	
110		340	2	
110		364	2	
110		366	2	
110		376	1	
110		385	2	
110		393	2	
110		397	2	
110		401	2	
110		402	3	
110		403	2	
110		421	3	
110		451	3	
110		468	2	
111		258	3	
111		286	3	
111		302	4	
111		303	2	
111		304	3	
111		305	1	
111		307	1	
111		311	3	
111		315	4	
111		321	2	
111		344	1	
111		354	3	
112		245	3	
112		258	2	
112		269	2	
112		272	4	
112		294	2	
112		301	2	
112		310	3	
112		313	4	
112		315	4	
112		321	2	
112		323	2	
112		328	3	
112		332	3	
112		333	3	
112		339	3	
112		346	4	
113		7	2	
113		9	2	
113		50	4	
113		116	2	
113		124	2	
113		127	3	
113		222	2	
113		237	2	
113		245	2	
113		255	4	
113		257	4	
113		258	4	
113		268	3	
113		273	3	
113		288	2	
113		289	1	
113		292	2	
113		299	4	
113		300	2	
113		303	4	
113		323	3	
113		325	3	
113		328	4	
113		333	3	
113		424	0	
114		56	2	
114		89	4	
114		98	3	
114		135	3	
114		153	2	
114		156	3	
114		168	2	
114		171	3	
114		172	4	
114		176	4	
114		180	2	
114		197	3	
114		200	2	
114		224	2	
114		318	2	
114		357	3	
114		474	4	
114		483	3	
114		485	2	
115		4	3	
115		7	4	
115		13	4	
115		23	4	
115		33	3	
115		48	4	
115		56	4	
115		79	3	
115		83	2	
115		96	2	
115		98	2	
115		100	4	
115		117	3	
115		121	2	
115		124	4	
115		137	4	
115		174	4	
115		176	4	
115		177	4	
115		183	4	
115		185	4	
115		192	4	
115		218	2	
115		229	2	
115		237	1	
115		240	4	
115		273	3	
115		279	2	
115		282	3	
115		284	1	
115		302	3	
115		317	4	
115		357	4	
115		479	4	
116		11	4	
116		20	2	
116		47	2	
116		50	2	
116		56	4	
116		116	2	
116		124	2	
116		127	4	
116		145	1	
116		181	3	
116		191	3	
116		193	3	
116		203	4	
116		221	3	
116		246	4	
116		249	1	
116		252	1	
116		253	2	
116		258	3	
116		268	4	
116		269	2	
116		270	2	
116		272	2	
116		275	1	
116		285	3	
116		288	2	
116		289	3	
116		292	3	
116		295	2	
116		297	2	
116		298	2	
116		300	2	
116		302	2	
116		303	2	
116		304	1	
116		306	2	
116		307	2	
116		310	3	
116		311	2	
116		315	2	
116		323	2	
116		324	1	
116		325	2	
116		326	1	
116		328	2	
116		333	1	
116		340	2	
116		343	1	
116		346	3	
116		349	1	
116		355	1	
116		358	1	
116		390	3	
116		479	3	
117		7	2	
117		11	4	
117		33	3	
117		96	4	
117		122	1	
117		132	3	
117		144	3	
117		156	3	
117		164	4	
117		172	4	
117		173	4	
117		179	4	
117		184	2	
117		210	3	
117		237	3	
117		249	3	
117		252	2	
117		265	3	
117		271	3	
117		282	4	
117		406	2	
117		410	2	
117		423	3	
117		475	4	
118		5	1	
118		7	4	
118		53	4	
118		55	4	
118		56	4	
118		79	4	
118		98	4	
118		100	4	
118		132	3	
118		135	4	
118		171	4	
118		172	4	
118		175	4	
118		179	4	
118		180	4	
118		188	4	
118		201	4	
118		210	4	
118		223	4	
118		234	4	
118		258	4	
118		288	4	
118		317	4	
118		320	4	
118		396	4	
118		413	3	
118		427	4	
119		7	4	
119		9	3	
119		11	4	
119		22	3	
119		23	2	
119		25	4	
119		28	4	
119		31	4	
119		50	4	
119		52	2	
119		56	3	
119		64	3	
119		70	2	
119		82	1	
119		89	3	
119		93	3	
119		96	4	
119		121	3	
119		124	3	
119		125	4	
119		132	4	
119		137	4	
119		168	4	
119		172	3	
119		181	3	
119		194	4	
119		196	4	
119		204	3	
119		210	4	
119		226	2	
119		252	2	
119		255	2	
119		257	3	
119		258	1	
119		259	3	
119		271	3	
119		276	1	
119		277	3	
119		286	4	
119		287	3	
119		288	3	
119		294	0	
119		298	3	
119		299	3	
119		300	4	
119		301	3	
119		315	4	
119		316	3	
119		323	3	
119		329	2	
119		332	3	
119		340	3	
119		348	2	
119		349	2	
119		354	4	
119		405	3	
119		410	0	
119		412	3	
119		449	4	
119		458	4	
119		459	3	
119		471	3	
119		473	2	
119		475	3	
119		492	4	
120		1	3	
120		15	3	
120		50	3	
120		117	2	
120		118	1	
120		121	3	
120		127	3	
120		237	2	
120		258	4	
121		1	3	
121		11	1	
121		12	4	
121		25	4	
121		50	4	
121		83	3	
121		100	3	
121		118	1	
121		124	4	
121		127	4	
121		135	4	
121		156	3	
121		165	3	
121		172	4	
121		197	3	
121		237	4	
121		250	1	
121		257	4	
121		276	2	
121		282	0	
121		292	3	
121		298	1	
121		300	2	
121		313	4	
121		315	3	
121		318	4	
121		347	2	
121		357	4	
121		411	0	
121		427	3	
121		458	0	
121		472	2	
121		479	4	
122		11	0	
122		28	3	
122		57	1	
122		69	1	
122		83	4	
122		86	4	
122		127	4	
122		135	3	
122		180	4	
122		190	3	
122		193	3	
122		197	4	
122		239	3	
122		269	4	
122		357	2	
122		403	3	
122		429	2	
122		469	4	
123		9	4	
123		14	4	
123		23	3	
123		64	2	
123		98	3	
123		100	3	
123		134	3	
123		182	3	
123		185	3	
123		187	3	
123		197	4	
123		242	4	
123		276	3	
123		286	4	
123		288	2	
123		289	0	
123		294	0	
123		319	3	
123		321	3	
123		432	4	
123		435	4	
123		462	3	
123		479	3	
123		483	3	
124		1	2	
124		7	3	
124		28	2	
124		98	3	
124		117	2	
124		144	3	
124		154	4	
124		168	4	
124		172	2	
124		173	1	
124		174	2	
124		195	3	
124		209	2	
124		474	2	
125		8	3	
125		21	2	
125		41	1	
125		49	2	
125		56	0	
125		66	4	
125		67	4	
125		70	2	
125		72	3	
125		79	4	
125		82	4	
125		85	2	
125		90	4	
125		95	4	
125		105	2	
125		109	2	
125		111	2	
125		117	2	
125		122	0	
125		144	4	
125		153	1	
125		168	4	
125		172	4	
125		176	4	
125		181	4	
125		186	2	
125		191	4	
125		195	4	
125		201	2	
125		202	4	
125		205	4	
125		209	3	
125		210	4	
125		211	2	
125		216	2	
125		222	4	
125		243	1	
125		258	4	
125		269	0	
125		289	4	
125		294	3	
125		300	4	
125		323	2	
125		340	0	
125		364	2	
125		367	3	
125		369	2	
125		372	0	
125		376	2	
125		388	1	
125		393	3	
125		395	2	
125		399	2	
125		401	3	
125		412	2	
125		427	3	
125		430	3	
125		435	3	
125		451	3	
125		455	4	
125		474	2	
125		482	0	
126		266	4	
126		272	2	
126		286	2	
126		300	3	
126		303	2	
126		310	1	
126		311	3	
126		315	3	
126		316	3	
126		326	1	
126		328	4	
126		333	1	
126		337	4	
126		340	4	
126		344	3	
126		346	2	
126		350	1	
126		353	4	
127		50	3	
127		62	4	
127		222	4	
127		228	4	
127		230	4	
127		258	4	
127		271	4	
127		343	4	
128		25	2	
128		26	3	
128		28	4	
128		66	2	
128		69	3	
128		70	2	
128		71	3	
128		73	2	
128		82	4	
128		88	3	
128		117	4	
128		121	3	
128		131	4	
128		132	2	
128		133	4	
128		159	3	
128		161	4	
128		168	3	
128		172	2	
128		174	2	
128		179	2	
128		180	4	
128		181	3	
128		186	4	
128		191	3	
128		193	2	
128		196	4	
128		197	3	
128		202	1	
128		218	2	
128		220	0	
128		222	2	
128		223	4	
128		229	1	
128		245	1	
128		258	1	
128		268	2	
128		274	3	
128		275	4	
128		319	4	
128		328	1	
128		340	3	
128		367	3	
128		380	3	
128		381	2	
128		387	1	
128		392	2	
128		393	3	
128		404	2	
128		405	3	
128		416	2	
128		419	2	
128		432	1	
128		433	3	
128		451	3	
128		458	3	
128		462	3	
128		465	3	
128		468	0	
128		471	3	
128		478	4	
128		483	4	
128		487	4	
128		490	4	
128		496	4	
128		497	2	
128		499	4	
129		242	3	
129		286	4	
129		300	2	
129		302	3	
129		304	2	
129		310	1	
129		311	2	
129		323	0	
130		1	4	
130		2	3	
130		5	3	
130		7	4	
130		11	4	
130		17	4	
130		24	4	
130		27	3	
130		29	2	
130		31	3	
130		38	3	
130		42	3	
130		54	4	
130		62	3	
130		64	4	
130		65	3	
130		67	3	
130		77	4	
130		79	4	
130		82	4	
130		88	1	
130		89	3	
130		93	4	
130		95	4	
130		96	4	
130		98	4	
130		100	2	
130		117	4	
130		118	3	
130		121	4	
130		123	3	
130		132	4	
130		144	4	
130		156	2	
130		159	3	
130		179	3	
130		181	4	
130		185	4	
130		188	3	
130		196	4	
130		203	3	
130		215	4	
130		219	4	
130		227	2	
130		233	3	
130		235	3	
130		236	4	
130		237	4	
130		239	3	
130		246	3	
130		248	2	
130		249	4	
130		250	2	
130		252	4	
130		257	3	
130		258	3	
130		261	3	
130		262	2	
130		269	3	
130		272	4	
130		289	4	
130		290	2	
130		291	3	
130		293	4	
130		294	4	
130		299	2	
130		300	4	
130		305	3	
130		313	4	
130		315	3	
130		321	4	
130		326	4	
130		328	3	
130		329	3	
130		330	3	
130		342	2	
130		343	3	
130		347	3	
130		350	3	
130		354	4	
130		355	3	
130		373	3	
130		389	2	
130		392	3	
130		398	2	
130		403	4	
130		404	4	
130		407	1	
130		411	4	
130		412	3	
130		419	4	
130		420	4	
130		423	4	
130		426	3	
130		427	4	
130		436	2	
130		444	3	
130		449	3	
130		450	1	
130		452	3	
130		453	2	
130		455	3	
130		465	4	
130		469	4	
130		470	1	
130		471	1	
130		472	3	
130		475	2	
130		477	3	
131		9	4	
131		124	4	
131		127	3	
131		137	0	
131		242	4	
131		248	2	
131		251	4	
131		269	4	
131		276	4	
131		287	3	
131		293	2	
131		297	3	
132		12	3	
132		50	2	
132		56	4	
132		100	3	
132		127	3	
132		151	2	
132		175	2	
132		251	3	
132		285	3	
132		286	2	
132		484	3	
133		243	2	
133		245	2	
133		269	3	
133		271	4	
133		272	4	
133		286	1	
133		300	2	
133		306	3	
133		308	3	
133		313	2	
133		316	3	
133		343	1	
133		346	2	
133		355	1	
134		1	4	
134		269	2	
134		294	3	
134		301	1	
134		302	1	
134		315	2	
134		316	3	
134		326	4	
134		328	3	
134		338	3	
135		5	2	
135		38	2	
135		55	3	
135		56	3	
135		98	4	
135		173	3	
135		203	3	
135		226	2	
135		230	2	
135		234	3	
135		260	2	
135		288	2	
135		321	3	
135		324	2	
135		327	3	
135		452	1	
135		470	3	
136		9	4	
136		15	3	
136		116	4	
136		124	4	
136		127	4	
136		137	4	
136		204	3	
136		237	3	
136		257	2	
136		258	4	
136		269	4	
136		275	3	
136		283	3	
136		286	4	
136		303	3	
136		318	4	
136		475	3	
137		1	2	
137		79	4	
137		89	4	
137		96	4	
137		118	4	
137		121	4	
137		174	4	
137		181	4	
137		210	4	
137		243	3	
137		260	2	
137		289	2	
137		385	4	
137		405	4	
137		411	4	
137		476	0	
138		1	3	
138		12	4	
138		13	3	
138		14	2	
138		15	3	
138		45	4	
138		56	4	
138		117	3	
138		133	3	
138		137	4	
138		147	3	
138		182	3	
138		187	4	
138		194	4	
138		209	3	
138		222	3	
138		435	4	
138		474	4	
138		487	2	
138		497	4	
139		100	4	
139		150	3	
139		237	2	
139		242	2	
139		288	3	
139		296	3	
139		297	4	
139		302	2	
139		460	2	
139		475	4	
140		245	2	
140		286	4	
140		288	2	
140		294	2	
140		302	3	
140		303	4	
140		304	3	
140		321	3	
141		7	4	
141		15	4	
141		25	4	
141		100	3	
141		118	4	
141		121	3	
141		126	4	
141		127	1	
141		147	3	
141		181	3	
141		235	0	
141		244	4	
141		248	2	
141		249	1	
141		250	3	
141		255	3	
141		257	2	
141		259	0	
141		261	0	
141		276	0	
141		279	0	
141		282	4	
141		284	4	
141		286	3	
141		291	4	
141		292	0	
141		293	1	
141		294	3	
141		298	4	
141		313	4	
141		323	3	
141		330	0	
141		333	4	
141		335	0	
141		346	0	
141		407	1	
141		409	4	
142		7	3	
142		42	3	
142		91	4	
142		124	3	
142		134	4	
142		147	0	
142		176	4	
142		186	3	
142		259	2	
142		268	4	
142		294	2	
142		315	2	
142		322	1	
142		333	4	
142		338	1	
142		346	4	
142		408	3	
142		425	3	
142		463	2	
143		258	2	
143		271	3	
143		272	3	
143		286	1	
143		288	4	
143		294	2	
143		307	3	
143		313	4	
143		315	3	
143		322	3	
143		323	2	
143		326	4	
143		333	4	
144		1	3	
144		4	3	
144		7	1	
144		8	3	
144		9	4	
144		12	3	
144		14	3	
144		15	3	
144		20	3	
144		24	3	
144		48	4	
144		54	1	
144		55	3	
144		56	3	
144		58	2	
144		59	3	
144		61	2	
144		68	1	
144		69	4	
144		70	3	
144		72	3	
144		87	4	
144		98	3	
144		100	4	
144		116	3	
144		117	3	
144		124	3	
144		126	3	
144		127	3	
144		135	4	
144		137	3	
144		144	3	
144		147	2	
144		170	3	
144		173	4	
144		174	4	
144		183	3	
144		187	3	
144		196	3	
144		198	3	
144		212	4	
144		213	3	
144		215	3	
144		223	3	
144		234	3	
144		235	0	
144		242	3	
144		244	2	
144		248	3	
144		251	3	
144		257	3	
144		258	3	
144		262	2	
144		271	1	
144		276	2	
144		280	0	
144		281	2	
144		282	3	
144		284	2	
144		288	1	
144		294	3	
144		307	0	
144		316	4	
144		318	4	
144		319	2	
144		326	3	
144		327	2	
144		333	2	
144		343	1	
144		357	3	
144		405	3	
144		411	3	
144		423	4	
144		435	3	
144		455	2	
144		466	1	
144		470	1	
144		474	3	
144		475	0	
144		476	1	
144		478	3	
145		9	1	
145		11	4	
145		12	4	
145		17	2	
145		23	3	
145		31	4	
145		49	2	
145		53	1	
145		54	4	
145		55	2	
145		59	0	
145		62	1	
145		64	3	
145		66	3	
145		77	2	
145		88	4	
145		89	3	
145		96	4	
145		97	4	
145		98	4	
145		106	3	
145		111	2	
145		117	4	
145		118	2	
145		121	1	
145		123	3	
145		134	3	
145		135	4	
145		150	4	
145		155	1	
145		156	4	
145		164	3	
145		173	4	
145		176	4	
145		181	4	
145		202	3	
145		209	3	
145		218	2	
145		219	4	
145		222	4	
145		226	0	
145		227	3	
145		228	3	
145		234	4	
145		235	3	
145		236	0	
145		240	4	
145		242	4	
145		246	3	
145		249	3	
145		257	4	
145		259	2	
145		268	3	
145		269	4	
145		271	3	
145		274	2	
145		276	0	
145		282	4	
145		284	3	
145		293	3	
145		294	3	
145		300	2	
145		308	1	
145		310	3	
145		312	2	
145		313	3	
145		316	4	
145		328	4	
145		329	3	
145		331	2	
145		333	1	
145		338	2	
145		342	3	
145		343	4	
145		347	2	
145		352	3	
145		354	3	
145		356	3	
145		358	3	
145		363	3	
145		379	2	
145		380	2	
145		394	0	
145		405	2	
145		407	1	
145		410	3	
145		412	3	
145		436	4	
145		447	4	
145		449	2	
145		450	2	
145		452	2	
145		454	0	
145		486	2	
146		245	4	
146		258	3	
146		269	3	
146		271	2	
146		272	4	
146		286	2	
146		294	0	
146		301	1	
146		311	3	
146		315	4	
146		319	3	
146		327	2	
146		328	2	
146		331	4	
146		336	4	
146		340	3	
146		342	0	
146		345	3	
147		270	2	
147		286	4	
147		301	4	
147		302	3	
147		304	4	
147		313	3	
147		319	3	
148		8	3	
148		50	4	
148		56	4	
148		69	4	
148		89	4	
148		127	0	
148		132	3	
148		133	4	
148		135	4	
148		151	3	
148		164	3	
148		168	4	
148		173	4	
148		174	4	
148		175	3	
148		181	4	
148		189	3	
148		190	1	
148		191	0	
148		194	4	
148		209	4	
148		222	3	
148		227	3	
148		234	2	
148		238	3	
148		418	2	
148		432	4	
148		474	4	
148		496	2	
149		245	2	
149		258	2	
149		262	0	
149		268	3	
149		272	2	
149		286	4	
149		300	2	
149		302	3	
149		303	3	
149		311	2	
149		313	4	
149		323	1	
149		325	1	
149		326	2	
149		328	1	
149		333	0	
149		337	1	
149		338	1	
149		340	3	
149		345	3	
149		346	3	
150		14	3	
150		123	3	
150		124	1	
150		150	2	
150		151	3	
150		276	4	
150		288	3	
150		291	3	
150		319	3	
150		324	3	
151		1	4	
151		4	4	
151		9	3	
151		14	4	
151		26	2	
151		28	3	
151		31	2	
151		33	4	
151		44	3	
151		50	4	
151		52	4	
151		56	3	
151		69	3	
151		70	3	
151		73	3	
151		81	4	
151		82	2	
151		86	4	
151		88	4	
151		93	4	
151		97	4	
151		98	3	
151		111	3	
151		118	2	
151		124	4	
151		125	3	
151		131	4	
151		132	4	
151		133	4	
151		134	3	
151		135	4	
151		136	3	
151		137	4	
151		143	4	
151		147	1	
151		151	4	
151		152	2	
151		154	3	
151		168	4	
151		170	4	
151		171	4	
151		173	4	
151		174	4	
151		178	4	
151		181	4	
151		185	3	
151		190	3	
151		194	3	
151		195	2	
151		198	3	
151		199	2	
151		202	4	
151		204	3	
151		208	3	
151		209	3	
151		211	4	
151		215	2	
151		216	3	
151		222	4	
151		230	2	
151		238	4	
151		258	4	
151		265	4	
151		275	4	
151		277	3	
151		286	4	
151		290	0	
151		301	3	
151		302	2	
151		371	3	
151		378	3	
151		380	4	
151		381	4	
151		382	3	
151		385	2	
151		408	4	
151		418	2	
151		423	3	
151		427	4	
151		430	3	
151		436	2	
151		443	4	
151		448	1	
151		462	3	
151		463	4	
151		466	4	
151		469	0	
151		470	2	
151		473	3	
151		474	4	
151		476	2	
151		483	4	
151		487	4	
151		488	3	
151		491	3	
151		492	2	
151		496	3	
151		497	4	
151		498	4	
151		499	4	
152		8	4	
152		15	4	
152		21	2	
152		33	4	
152		49	4	
152		66	4	
152		69	4	
152		71	4	
152		88	4	
152		117	3	
152		120	1	
152		121	4	
152		133	4	
152		143	4	
152		153	3	
152		155	4	
152		161	4	
152		173	4	
152		215	4	
152		234	3	
152		237	4	
152		274	4	
152		275	3	
152		278	3	
152		280	4	
152		283	3	
152		284	4	
152		294	3	
152		319	1	
152		354	2	
152		364	3	
152		367	2	
152		371	3	
152		393	4	
152		401	2	
152		402	4	
152		410	3	
152		411	3	
152		423	4	
152		451	4	
152		487	4	
153		50	0	
153		79	4	
153		172	0	
153		181	0	
153		182	4	
153		187	1	
153		258	4	
153		265	3	
153		294	1	
153		322	2	
153		325	1	
153		357	4	
154		61	3	
154		152	3	
154		172	3	
154		174	4	
154		185	4	
154		187	4	
154		191	3	
154		197	4	
154		200	4	
154		211	3	
154		222	1	
154		238	4	
154		258	2	
154		288	2	
154		324	1	
154		474	4	
154		475	3	
154		482	3	
154		496	2	
155		245	1	
155		288	2	
155		300	1	
155		306	4	
155		322	1	
155		326	1	
155		327	1	
155		331	2	
155		332	1	
156		9	3	
156		77	1	
156		83	2	
156		86	3	
156		100	3	
156		157	3	
156		178	4	
156		187	4	
156		357	3	
156		480	4	
157		50	3	
157		100	4	
157		111	2	
157		117	4	
157		118	1	
157		120	0	
157		235	4	
157		244	4	
157		255	2	
157		258	2	
157		269	3	
157		276	3	
157		286	4	
157		289	3	
157		290	3	
157		313	4	
157		340	4	
157		410	3	
157		475	2	
157		476	0	
158		4	3	
158		7	4	
158		10	3	
158		20	3	
158		22	4	
158		29	2	
158		39	4	
158		53	0	
158		55	3	
158		56	4	
158		70	3	
158		83	4	
158		89	4	
158		92	3	
158		96	3	
158		107	2	
158		111	3	
158		118	4	
158		120	0	
158		121	3	
158		123	2	
158		125	2	
158		129	4	
158		161	1	
158		168	4	
158		173	4	
158		174	4	
158		175	3	
158		181	2	
158		187	4	
158		188	3	
158		194	4	
158		195	4	
158		202	4	
158		208	4	
158		209	4	
158		210	3	
158		217	4	
158		221	1	
158		226	2	
158		227	1	
158		230	1	
158		231	1	
158		232	2	
158		233	2	
158		238	4	
158		250	3	
158		252	2	
158		275	4	
158		283	4	
158		284	4	
158		285	4	
158		290	3	
158		293	3	
158		294	0	
158		298	2	
158		302	3	
158		325	3	
158		367	3	
158		385	2	
158		399	2	
158		408	4	
158		430	4	
158		431	4	
158		449	1	
158		450	2	
158		455	3	
158		471	3	
159		7	4	
159		9	2	
159		15	4	
159		24	4	
159		25	4	
159		67	0	
159		72	2	
159		96	3	
159		118	3	
159		125	4	
159		126	4	
159		130	0	
159		195	2	
159		243	3	
159		250	2	
159		254	2	
159		255	2	
159		260	1	
159		272	4	
159		273	4	
159		274	2	
159		276	4	
159		288	2	
159		291	3	
159		293	3	
159		294	3	
159		298	4	
159		299	2	
159		301	1	
159		319	0	
159		322	4	
159		326	2	
159		333	4	
159		358	0	
159		364	0	
159		405	4	
159		456	2	
159		476	4	
160		9	2	
160		11	3	
160		13	3	
160		15	1	
160		55	3	
160		59	3	
160		61	3	
160		100	4	
160		127	4	
160		129	3	
160		150	3	
160		151	3	
160		153	2	
160		157	4	
160		168	3	
160		169	3	
160		182	4	
160		185	4	
160		192	4	
160		195	3	
160		201	4	
160		202	3	
160		211	3	
160		213	3	
160		237	2	
160		240	3	
160		248	4	
160		250	3	
160		273	4	
160		276	4	
160		282	3	
160		285	3	
160		288	4	
160		293	4	
160		302	4	
160		325	2	
160		405	2	
160		408	3	
160		410	3	
160		455	3	
160		458	4	
160		461	4	
160		474	3	
160		483	4	
160		488	4	
160		497	3	
161		15	1	
161		22	1	
161		50	1	
161		69	3	
161		70	2	
161		100	3	
161		118	1	
161		132	0	
161		133	1	
161		177	1	
161		181	1	
161		186	3	
161		194	0	
161		197	2	
161		204	1	
161		210	1	
161		225	0	
161		257	2	
161		265	1	
161		272	4	
161		284	2	
161		309	1	
161		315	4	
161		316	4	
161		428	2	
161		435	1	
161		473	0	
161		483	2	
161		486	0	
161		487	2	
161		496	2	
162		1	3	
162		7	2	
162		11	3	
162		28	3	
162		55	2	
162		79	3	
162		105	1	
162		122	1	
162		144	2	
162		147	3	
162		179	2	
162		208	2	
162		237	3	
162		294	2	
162		358	2	
162		403	2	
162		474	2	
163		28	2	
163		202	2	
163		258	3	
163		269	2	
163		272	3	
163		300	2	
163		301	2	
163		305	1	
163		316	4	
163		326	2	
163		357	3	
163		433	0	
164		9	3	
164		100	4	
164		222	3	
164		248	3	
164		252	3	
164		258	4	
164		282	4	
164		291	4	
164		293	3	
164		298	2	
164		307	4	
164		326	2	
164		328	4	
164		329	3	
164		342	1	
164		370	4	
164		405	4	
164		407	1	
164		411	1	
164		471	4	
164		472	4	
165		15	4	
165		127	3	
165		156	2	
165		169	4	
165		174	3	
165		176	3	
165		187	2	
165		202	3	
165		222	4	
165		223	3	
165		260	2	
165		270	3	
165		318	4	
165		326	4	
165		328	2	
165		432	4	
166		243	2	
166		286	0	
166		294	2	
166		313	4	
166		315	2	
166		347	4	
167		8	4	
167		83	4	
167		86	3	
167		96	4	
167		99	3	
167		137	4	
167		184	0	
167		216	3	
167		225	2	
167		237	3	
167		238	3	
167		240	0	
167		241	4	
167		288	2	
167		318	4	
167		435	4	
167		465	4	
167		478	4	
167		493	3	
168		1	4	
168		9	0	
168		118	3	
168		121	3	
168		125	3	
168		126	4	
168		181	3	
168		225	4	
168		252	0	
168		273	3	
168		275	2	
168		276	0	
168		280	3	
168		291	3	
168		294	3	
168		300	4	
168		313	4	
168		325	0	
168		405	3	
168		458	0	
168		473	1	
169		50	4	
169		134	4	
169		199	3	
169		204	2	
169		211	4	
169		213	4	
169		243	2	
169		258	4	
169		300	4	
169		321	2	
169		331	4	
169		443	3	
169		480	3	
169		482	2	
169		483	2	
169		495	2	
169		498	2	
169		499	2	
170		258	2	
170		259	2	
170		288	2	
170		294	2	
170		300	4	
170		304	3	
170		322	4	
170		323	2	
170		326	4	
170		348	2	
171		258	3	
171		262	3	
171		269	3	
171		270	3	
171		272	4	
171		286	2	
171		288	1	
171		303	3	
171		304	2	
171		305	1	
171		310	3	
171		315	3	
171		326	1	
171		340	2	
171		346	3	
171		354	2	
172		23	2	
172		124	3	
172		425	0	
172		428	3	
172		463	3	
173		245	3	
173		258	3	
173		259	2	
173		262	3	
173		269	3	
173		299	3	
173		301	4	
173		302	4	
173		303	4	
173		305	4	
173		306	4	
173		319	3	
173		321	3	
173		324	4	
173		326	4	
173		327	4	
173		329	3	
173		331	3	
173		332	3	
173		334	3	
174		1	2	
174		9	4	
174		11	4	
174		12	4	
174		15	4	
174		31	3	
174		50	3	
174		65	4	
174		69	4	
174		70	4	
174		87	4	
174		88	4	
174		98	4	
174		99	2	
174		100	4	
174		111	4	
174		125	4	
174		126	4	
174		132	1	
174		139	2	
174		140	3	
174		143	4	
174		147	3	
174		151	2	
174		155	3	
174		158	1	
174		167	2	
174		168	0	
174		178	4	
174		202	4	
174		210	3	
174		215	4	
174		221	3	
174		238	4	
174		239	3	
174		240	0	
174		244	3	
174		246	4	
174		269	4	
174		278	4	
174		280	4	
174		284	3	
174		286	4	
174		323	0	
174		340	4	
174		364	0	
174		371	4	
174		381	4	
174		384	0	
174		386	0	
174		388	0	
174		401	0	
174		407	0	
174		417	3	
174		433	4	
174		451	4	
175		11	4	
175		12	3	
175		50	4	
175		64	4	
175		88	3	
175		98	4	
175		100	1	
175		111	3	
175		133	3	
175		136	3	
175		147	2	
175		172	4	
175		186	3	
175		187	3	
175		193	3	
175		195	2	
175		234	4	
175		273	1	
175		419	4	
176		7	4	
176		25	2	
176		93	4	
176		111	3	
176		117	3	
176		129	2	
176		150	3	
176		151	3	
176		181	2	
176		222	4	
176		237	2	
176		246	4	
176		257	0	
176		262	3	
176		268	4	
176		273	3	
176		285	4	
176		286	1	
176		289	2	
176		293	4	
176		298	3	
176		319	2	
176		321	3	
176		325	2	
176		328	3	
176		340	4	
176		343	1	
176		345	4	
176		347	3	
176		405	1	
176		458	3	
176		475	4	
177		7	3	
177		11	3	
177		12	4	
177		23	4	
177		42	3	
177		50	4	
177		55	2	
177		60	3	
177		64	3	
177		92	3	
177		96	2	
177		98	4	
177		121	1	
177		127	4	
177		129	2	
177		135	4	
177		144	4	
177		153	3	
177		154	3	
177		156	4	
177		160	3	
177		161	2	
177		173	3	
177		174	3	
177		176	3	
177		181	3	
177		183	3	
177		186	3	
177		187	3	
177		200	3	
177		204	2	
177		210	3	
177		216	3	
177		217	2	
177		221	2	
177		223	3	
177		238	2	
177		258	2	
177		268	2	
177		288	4	
177		292	2	
177		302	3	
177		307	3	
177		322	1	
177		324	3	
177		327	2	
177		340	3	
177		343	2	
177		358	1	
177		421	2	
177		469	3	
178		1	3	
178		2	3	
178		7	3	
178		9	1	
178		11	4	
178		12	4	
178		24	2	
178		31	3	
178		38	2	
178		50	4	
178		51	3	
178		56	3	
178		62	3	
178		64	4	
178		66	3	
178		69	4	
178		77	3	
178		79	3	
178		82	4	
178		87	3	
178		90	2	
178		92	2	
178		95	4	
178		97	4	
178		100	3	
178		111	3	
178		118	3	
178		123	3	
178		124	3	
178		127	4	
178		133	3	
178		143	3	
178		144	3	
178		147	3	
178		153	3	
178		155	3	
178		156	1	
178		157	4	
178		161	4	
178		164	2	
178		168	3	
178		172	3	
178		173	4	
178		174	4	
178		176	3	
178		180	2	
178		184	4	
178		194	3	
178		197	1	
178		200	2	
178		202	4	
178		203	3	
178		215	4	
178		219	3	
178		220	2	
178		222	3	
178		223	3	
178		226	3	
178		229	3	
178		230	3	
178		232	4	
178		233	3	
178		235	0	
178		237	3	
178		238	3	
178		246	3	
178		249	2	
178		260	0	
178		265	4	
178		268	3	
178		269	3	
178		274	3	
178		280	3	
178		281	2	
178		283	4	
178		293	3	
178		295	2	
178		298	1	
178		300	4	
178		304	3	
178		313	4	
178		316	3	
178		318	4	
178		319	0	
178		322	2	
178		328	2	
178		331	3	
178		333	2	
178		339	2	
178		340	0	
178		354	3	
178		405	2	
178		410	3	
178		423	3	
178		435	3	
178		460	1	
178		469	2	
178		471	3	
178		472	3	
178		476	2	
178		483	3	
178		484	3	
179		271	0	
179		288	4	
179		300	3	
179		302	3	
179		307	2	
179		313	3	
179		321	0	
179		333	4	
179		340	3	
179		347	2	
179		353	0	
179		362	0	
180		12	1	
180		40	3	
180		53	4	
180		98	4	
180		153	0	
180		181	1	
180		186	3	
180		191	3	
180		196	4	
180		201	1	
180		222	4	
180		235	3	
180		258	4	
180		318	4	
180		356	2	
180		367	0	
180		372	4	
180		380	4	
180		469	4	
181		6	0	
181		15	2	
181		18	0	
181		19	0	
181		24	0	
181		93	0	
181		100	2	
181		104	0	
181		105	0	
181		106	1	
181		107	0	
181		108	0	
181		109	0	
181		111	2	
181		116	0	
181		117	1	
181		118	1	
181		120	0	
181		122	1	
181		126	1	
181		129	1	
181		130	0	
181		137	1	
181		151	1	
181		222	3	
181		224	0	
181		235	0	
181		236	0	
181		237	4	
181		242	0	
181		245	1	
181		259	0	
181		263	0	
181		270	3	
181		273	0	
181		274	3	
181		275	2	
181		280	3	
181		281	1	
181		282	3	
181		285	1	
181		287	1	
181		289	3	
181		290	1	
181		291	2	
181		292	0	
181		294	1	
181		299	0	
181		300	2	
181		303	0	
181		305	1	
181		307	0	
181		322	0	
181		323	1	
181		326	0	
181		331	0	
181		332	1	
181		333	2	
181		336	1	
181		358	1	
181		360	0	
181		363	0	
181		370	1	
181		407	1	
181		409	1	
181		410	0	
181		411	2	
181		412	1	
181		413	1	
181		455	0	
181		456	0	
181		460	0	
181		471	1	
181		473	1	
181		475	1	
181		476	3	
181		477	0	
182		1	3	
182		15	3	
182		48	2	
182		50	4	
182		111	3	
182		126	4	
182		150	2	
182		178	4	
182		181	4	
182		191	3	
182		203	2	
182		257	2	
182		479	4	
183		50	1	
183		55	3	
183		62	1	
183		77	2	
183		94	2	
183		121	2	
183		144	2	
183		176	2	
183		177	4	
183		181	1	
183		202	3	
183		210	2	
183		212	3	
183		216	3	
183		226	2	
183		228	3	
183		229	2	
183		230	4	
183		258	2	
183		274	4	
183		356	2	
183		375	1	
183		380	3	
183		431	1	
183		449	1	
184		1	3	
184		7	2	
184		20	3	
184		25	3	
184		29	2	
184		40	3	
184		44	3	
184		50	3	
184		51	3	
184		56	2	
184		65	3	
184		66	3	
184		79	2	
184		82	2	
184		93	3	
184		95	3	
184		97	1	
184		117	1	
184		118	1	
184		121	1	
184		127	4	
184		134	4	
184		160	2	
184		165	3	
184		166	2	
184		170	4	
184		175	2	
184		176	3	
184		182	3	
184		183	3	
184		185	3	
184		192	3	
184		197	3	
184		203	2	
184		210	3	
184		212	3	
184		213	4	
184		215	3	
184		216	3	
184		220	2	
184		221	4	
184		223	3	
184		235	1	
184		238	3	
184		241	2	
184		262	4	
184		272	3	
184		274	3	
184		276	3	
184		283	4	
184		285	4	
184		301	2	
184		313	3	
184		317	2	
184		318	4	
184		340	4	
184		357	4	
184		368	0	
184		371	4	
184		372	2	
184		378	3	
184		381	3	
184		387	3	
184		393	3	
184		396	2	
184		399	2	
184		401	2	
184		402	2	
184		403	2	
184		411	2	
184		428	3	
184		443	2	
184		451	3	
184		473	3	
184		476	1	
184		480	3	
184		483	4	
184		485	3	
184		487	3	
184		488	4	
184		492	3	
184		496	4	
185		9	3	
185		25	3	
185		47	3	
185		50	3	
185		111	3	
185		116	3	
185		160	0	
185		178	3	
185		181	3	
185		205	2	
185		239	2	
185		258	3	
185		276	3	
185		286	3	
185		302	3	
185		321	4	
185		423	4	
185		480	3	
186		12	0	
186		38	4	
186		55	3	
186		56	2	
186		77	4	
186		79	4	
186		98	4	
186		106	1	
186		121	1	
186		147	3	
186		159	4	
186		177	3	
186		203	4	
186		243	1	
186		258	0	
186		269	0	
186		291	3	
186		294	2	
186		295	1	
186		298	2	
186		303	2	
186		306	3	
186		330	3	
186		331	2	
186		332	3	
186		356	4	
186		405	2	
186		477	3	
187		8	4	
187		23	3	
187		52	3	
187		65	4	
187		69	3	
187		83	4	
187		97	2	
187		134	2	
187		137	4	
187		168	4	
187		173	4	
187		179	4	
187		186	3	
187		197	3	
187		204	1	
187		209	3	
187		213	3	
187		214	3	
187		216	4	
187		241	2	
187		300	3	
187		423	3	
187		428	3	
187		435	3	
187		462	4	
188		5	3	
188		11	4	
188		22	4	
188		28	2	
188		50	3	
188		54	3	
188		64	4	
188		76	3	
188		97	4	
188		100	3	
188		118	2	
188		121	3	
188		144	2	
188		151	2	
188		153	4	
188		157	2	
188		162	3	
188		174	4	
188		176	3	
188		177	3	
188		180	4	
188		187	2	
188		194	2	
188		199	3	
188		226	2	
188		259	2	
188		265	4	
188		281	2	
188		288	3	
188		294	1	
188		300	3	
188		318	4	
188		356	3	
188		455	3	
188		462	3	
188		468	3	
188		470	4	
188		483	4	
188		484	4	
188		498	4	
189		4	4	
189		7	2	
189		8	4	
189		10	4	
189		13	3	
189		14	4	
189		24	3	
189		28	3	
189		44	3	
189		50	4	
189		59	2	
189		61	2	
189		83	3	
189		89	4	
189		97	3	
189		99	4	
189		105	1	
189		118	0	
189		124	4	
189		131	3	
189		132	4	
189		133	4	
189		136	3	
189		137	3	
189		150	3	
189		151	4	
189		157	3	
189		162	2	
189		165	4	
189		166	3	
189		170	3	
189		172	4	
189		175	4	
189		178	4	
189		179	4	
189		180	4	
189		181	2	
189		185	4	
189		186	1	
189		191	4	
189		196	4	
189		198	3	
189		199	4	
189		204	4	
189		207	4	
189		209	0	
189		214	0	
189		238	4	
189		241	2	
189		246	3	
189		255	1	
189		283	4	
189		297	2	
189		313	1	
189		317	3	
189		318	4	
189		378	3	
189		405	1	
189		418	2	
189		423	4	
189		433	4	
189		459	3	
189		473	4	
189		485	3	
189		486	4	
189		487	4	
189		489	4	
189		492	2	
189		498	4	
189		499	3	
190		7	3	
190		9	0	
190		15	3	
190		24	2	
190		100	3	
190		121	2	
190		125	2	
190		148	3	
190		237	4	
190		245	3	
190		258	2	
190		272	4	
190		273	3	
190		276	3	
190		281	2	
190		288	4	
190		310	3	
190		313	4	
190		326	3	
190		327	1	
190		328	2	
190		354	3	
190		471	4	
191		300	3	
191		315	4	
191		316	4	
191		331	3	
191		339	2	
191		340	3	
191		345	3	
192		7	3	
192		9	4	
192		25	3	
192		50	3	
192		100	4	
192		108	3	
192		111	1	
192		118	1	
192		121	1	
192		125	2	
192		235	2	
192		255	1	
192		269	2	
192		284	4	
192		287	3	
192		289	3	
193		1	3	
193		23	3	
193		24	1	
193		25	3	
193		38	2	
193		69	4	
193		72	1	
193		73	2	
193		79	3	
193		82	1	
193		94	2	
193		121	2	
193		122	0	
193		153	3	
193		159	3	
193		161	2	
193		177	3	
193		182	3	
193		187	3	
193		199	4	
193		218	3	
193		237	3	
193		246	2	
193		269	3	
193		274	2	
193		280	3	
193		282	4	
193		286	3	
193		294	0	
193		300	3	
193		310	3	
193		313	3	
193		333	0	
193		343	0	
193		347	3	
193		354	2	
193		366	3	
193		402	2	
193		403	2	
193		405	2	
193		412	2	
193		476	1	
193		487	4	
194		8	2	
194		9	3	
194		13	3	
194		15	3	
194		22	4	
194		28	4	
194		29	1	
194		31	2	
194		50	2	
194		67	0	
194		69	3	
194		72	2	
194		73	2	
194		76	1	
194		78	0	
194		79	2	
194		81	1	
194		86	2	
194		87	3	
194		88	2	
194		89	2	
194		90	2	
194		91	2	
194		97	2	
194		100	3	
194		118	2	
194		121	1	
194		125	1	
194		133	2	
194		134	1	
194		135	2	
194		136	4	
194		143	2	
194		154	2	
194		155	2	
194		157	3	
194		159	2	
194		167	1	
194		168	4	
194		173	4	
194		174	3	
194		177	2	
194		178	2	
194		179	3	
194		182	2	
194		183	2	
194		186	4	
194		194	3	
194		197	3	
194		199	3	
194		204	3	
194		208	2	
194		209	2	
194		211	3	
194		219	1	
194		223	3	
194		225	2	
194		228	0	
194		229	0	
194		230	0	
194		238	4	
194		241	1	
194		265	3	
194		276	2	
194		282	2	
194		294	3	
194		318	4	
194		356	1	
194		357	3	
194		367	2	
194		371	2	
194		376	1	
194		380	0	
194		387	1	
194		393	1	
194		399	1	
194		402	2	
194		403	1	
194		405	1	
194		414	2	
194		419	1	
194		423	2	
194		432	3	
194		435	3	
194		449	0	
194		456	0	
194		465	2	
194		467	4	
194		474	3	
194		481	2	
194		483	3	
194		485	2	
194		488	2	
194		491	2	
194		496	3	
194		498	2	
195		47	4	
195		59	2	
195		60	2	
195		93	2	
195		109	2	
195		127	4	
195		134	4	
195		135	4	
195		143	4	
195		152	2	
195		198	2	
195		234	4	
195		242	3	
195		264	2	
195		276	3	
195		313	4	
195		326	2	
195		358	1	
195		366	2	
195		373	2	
195		384	1	
195		386	1	
195		413	2	
195		431	2	
195		433	2	
195		451	4	
196		13	1	
196		66	2	
196		70	2	
196		108	3	
196		110	0	
196		116	2	
196		153	4	
196		173	1	
196		202	2	
196		257	1	
196		269	2	
196		285	4	
196		287	2	
196		340	2	
196		382	3	
196		411	3	
197		2	2	
197		4	2	
197		11	0	
197		22	4	
197		29	2	
197		38	2	
197		39	1	
197		50	4	
197		56	0	
197		82	4	
197		172	4	
197		177	4	
197		182	2	
197		183	4	
197		184	0	
197		188	2	
197		227	2	
197		228	3	
197		230	3	
197		232	3	
197		241	2	
197		245	3	
197		265	4	
197		272	3	
197		306	1	
197		307	2	
197		311	3	
197		322	2	
197		326	2	
197		332	1	
197		333	1	
197		354	1	
197		373	0	
197		399	1	
197		403	2	
197		435	4	
198		1	3	
198		4	2	
198		6	1	
198		25	1	
198		27	1	
198		31	2	
198		50	4	
198		55	2	
198		56	4	
198		64	3	
198		69	3	
198		70	2	
198		71	2	
198		73	2	
198		81	4	
198		89	4	
198		93	2	
198		96	3	
198		98	3	
198		101	4	
198		108	2	
198		117	0	
198		121	2	
198		122	0	
198		127	4	
198		128	2	
198		131	2	
198		132	3	
198		137	3	
198		143	2	
198		151	3	
198		153	3	
198		161	2	
198		164	2	
198		168	3	
198		173	3	
198		181	3	
198		185	2	
198		186	4	
198		187	3	
198		191	3	
198		195	2	
198		198	3	
198		200	3	
198		201	2	
198		204	2	
198		208	2	
198		210	3	
198		215	3	
198		216	3	
198		222	2	
198		229	2	
198		230	2	
198		237	1	
198		238	3	
198		248	2	
198		265	2	
198		276	2	
198		291	1	
198		298	0	
198		300	1	
198		343	2	
198		356	2	
198		367	2	
198		369	0	
198		382	3	
198		403	3	
198		405	1	
198		411	0	
198		423	2	
198		428	3	
198		431	2	
198		433	1	
198		434	2	
198		447	3	
198		462	2	
198		470	2	
198		474	4	
198		475	3	
198		480	3	
199		1	0	
199		7	3	
199		9	4	
199		14	3	
199		93	3	
199		100	2	
199		116	4	
199		243	0	
199		269	4	
199		313	3	
199		323	2	
199		408	4	
