37

4
16 24 25 29 
2 3 4 4 
96
0   0.3722
1   0.3305
2   0.2191
3   0.2423
4   0.0299
5   0.1611
6   0.2254
7   0.0461
8   0.2446
9   0.6780
10   0.4676
11   0.1820
12   0.4024
13   0.2824
14   0.2141
15   0.0045
16   0.1083
17   0.4689
18   0.0000
19   0.3410
20   0.3222
21   0.0752
22   0.3942
23   0.1879
24   0.1480
25   0.1163
26   0.2271
27   0.2266
28   0.0941
29   0.3185
30   0.2845
31   0.3491
32   0.1000
33   0.2601
34   0.1664
35   0.3206
36   0.2886
37   0.3173
38   0.2427
39   0.2640
40   0.2510
41   0.1878
42   0.2789
43   0.2172
44   0.4302
45   0.2492
46   0.4884
47   0.1730
48   0.2229
49   0.2012
50   0.3452
51   0.2951
52   0.3994
53   0.6947
54   0.2267
55   0.5768
56   0.4347
57   0.2223
58   0.3372
59   0.0349
60   0.2599
61   0.1334
62   0.0339
63   0.3315
64   0.1592
65   0.1916
66   0.2905
67   0.0887
68   0.1862
69   0.1510
70   0.1042
71   0.0788
72   0.3210
73   0.2777
74   0.3657
75   0.3448
76   0.2349
77   0.1724
78   0.0162
79   0.1636
80   0.1853
81   0.0923
82   0.2565
83   0.3381
84   0.3557
85   0.2397
86   0.3536
87   0.1942
88   0.2755
89   0.2998
90   0.3071
91   0.3190
92   0.0954
93   0.3687
94   0.2331
95   0.1896