0	1	2	3	4	5	6

1		122	4	1		
1		185	4	0		
1		231	4	1		
1		316	4	0		
1		329	4	0		
1		466	4	1		
2		110	4	0		
2		151	2	0		
3		110	3	0		
3		151	3	0		
3		213	4	2		
4		21	2	1		
4		110	4	0		
4		153	4	0		
4		161	4	0		
4		165	4	0		
4		208	2	0		
4		231	0	1		
4		253	2	3		
4		266	4	2		
4		316	4	0		
4		317	4	1		
4		329	4	0		
5		1	0	4		
5		7	2	1		
5		25	2	2		
5		28	2	2		
5		32	4	7		
5		47	4	2		
5		57	2	1		
5		194	2	1		
5		230	3	6		
5		232	2	1		
5		235	3	5		
5		242	2	5		
5		249	3	5		
5		253	2	3		
5		306	2	2		
5		307	3	2		
5		308	2	1		
5		321	2	1		
5		326	4	2		
5		334	4	1		
5		475	2	5		
5		495	4	2		
6		32	4	7		
6		457	4	0		
7		32	3	7		
7		50	3	6		
8		2	1	8		
8		5	2	1		
8		6	3	0		
8		16	2	5		
8		19	2	8		
8		22	1	6		
8		31	2	5		
8		32	3	7		
8		47	3	2		
8		50	4	6		
8		70	4	0		
8		93	2	1		
8		104	3	1		
8		153	2	0		
8		158	2	1		
8		160	2	0		
8		163	3	0		
8		164	1	0		
8		165	3	0		
8		170	2	1		
8		180	2	1		
8		196	2	0		
8		208	1	0		
8		215	3	2		
8		216	3	1		
8		223	2	1		
8		231	2	1		
8		240	3	9		
8		253	2	3		
8		256	1	1		
8		288	3	6		
8		290	3	6		
8		315	1	0		
8		316	3	0		
8		324	2	1		
8		328	4	0		
8		330	1	3		
8		338	3	0		
8		455	1	8		
8		457	2	0		
8		471	2	1		
9		50	4	6		
9		104	1	1		
9		235	4	5		
10		7	2	1		
10		17	3	2		
10		21	4	1		
10		25	2	2		
10		62	3	2		
10		236	3	1		
10		265	4	2		
10		306	2	2		
10		308	2	1		
10		454	2	2		
10		457	3	0		
12		5	2	1		
12		253	2	3		
12		454	2	2		
13		2	2	8		
13		20	2	0		
13		23	3	0		
13		31	1	5		
13		50	4	6		
13		71	1	0		
13		88	3	1		
13		253	3	3		
13		266	2	2		
13		315	3	0		
13		325	2	8		
13		471	2	1		
14		1	2	4		
14		2	2	8		
14		333	2	1		
16		29	3	9		
16		32	4	7		
16		196	1	0		
16		198	1	0		
17		32	2	7		
17		50	2	6		
18		1	2	4		
18		2	2	8		
18		5	0	1		
18		7	1	1		
18		10	3	0		
18		11	2	1		
18		17	3	2		
18		20	2	0		
18		23	3	0		
18		25	3	2		
18		32	3	7		
18		45	3	1		
18		47	3	2		
18		62	3	2		
18		104	2	1		
18		105	2	2		
18		110	3	0		
18		163	3	0		
18		165	3	0		
18		169	0	8		
18		186	1	1		
18		203	2	1		
18		216	2	1		
18		225	2	2		
18		231	1	1		
18		252	2	1		
18		253	3	3		
18		276	2	1		
18		288	3	6		
18		290	3	6		
18		317	1	1		
18		318	3	6		
18		457	3	0		
18		491	1	2		
18		494	3	0		
19		5	2	1		
19		10	3	0		
19		13	3	4		
19		17	4	2		
19		21	3	1		
19		28	4	2		
19		31	3	5		
19		45	1	1		
19		46	3	1		
19		50	4	6		
19		62	3	2		
19		110	4	0		
19		161	2	0		
19		165	2	0		
19		204	1	0		
19		207	3	2		
19		222	4	2		
19		224	4	1		
19		246	4	10		
19		249	3	5		
19		253	2	3		
19		254	1	5		
19		277	4	11		
19		279	3	2		
19		282	3	2		
19		318	3	6		
19		327	3	0		
19		329	3	0		
19		449	2	1		
19		450	3	1		
19		457	3	0		
19		466	2	1		
19		469	1	2		
19		471	1	1		
19		474	3	0		
19		475	3	5		
19		491	3	2		
22		19	0	8		
22		21	3	1		
22		32	3	7		
22		47	3	2		
22		50	3	6		
22		110	4	0		
22		153	2	0		
22		161	3	0		
22		165	2	0		
22		185	2	0		
22		208	3	0		
22		225	2	2		
22		231	2	1		
22		253	2	3		
22		266	2	2		
22		288	0	6		
22		316	3	0		
22		317	2	1		
22		329	3	0		
22		454	2	2		
23		1	4	4		
23		7	2	1		
23		17	4	2		
23		21	3	1		
23		32	4	7		
23		47	3	2		
23		50	4	6		
23		62	2	2		
23		223	3	1		
23		232	4	1		
23		282	3	2		
23		306	4	2		
23		319	3	6		
23		337	3	2		
23		457	2	0		
24		1	4	4		
24		5	3	1		
24		6	2	0		
24		7	3	1		
24		17	4	2		
24		32	2	7		
24		62	4	2		
24		64	4	1		
24		94	2	1		
24		104	3	1		
24		494	3	0		
26		10	3	0		
26		19	0	8		
26		47	4	2		
26		110	4	0		
26		153	2	0		
26		161	4	0		
26		165	3	0		
26		185	3	0		
26		208	2	0		
26		316	3	0		
26		329	3	0		
26		454	3	2		
26		457	4	0		
27		32	3	7		
27		65	2	1		
27		79	1	2		
27		88	2	1		
27		100	2	2		
27		102	2	1		
27		135	1	1		
27		494	3	0		
30		1	4	4		
30		11	4	1		
30		17	4	2		
30		28	4	2		
30		47	3	2		
30		62	4	2		
30		104	4	1		
30		110	4	0		
30		116	4	10		
30		151	4	0		
30		161	4	0		
30		185	3	0		
30		208	2	0		
30		230	4	6		
30		235	4	5		
30		248	3	1		
30		253	2	3		
30		266	4	2		
30		282	4	2		
30		317	2	1		
30		318	4	6		
30		454	3	2		
30		466	1	1		
33		1	3	4		
33		6	2	0		
33		7	2	1		
33		17	3	2		
33		32	2	7		
33		62	2	2		
34		1	2	4		
34		2	2	8		
34		5	2	1		
34		8	2	8		
34		9	2	0		
34		19	1	8		
34		22	2	6		
34		23	3	0		
34		24	4	2		
34		25	1	2		
34		29	2	9		
34		32	2	7		
34		47	3	2		
34		50	3	6		
34		62	2	2		
34		63	1	1		
34		65	1	1		
34		69	2	1		
34		70	1	0		
34		79	2	2		
34		86	2	8		
34		88	2	1		
34		104	3	1		
34		105	1	2		
34		110	4	0		
34		126	1	8		
34		132	1	0		
34		153	1	0		
34		158	1	1		
34		160	1	0		
34		161	2	0		
34		163	2	0		
34		165	1	0		
34		168	2	0		
34		181	0	0		
34		185	2	0		
34		186	2	1		
34		188	2	0		
34		196	1	0		
34		204	0	0		
34		208	0	0		
34		216	1	1		
34		227	2	0		
34		230	2	6		
34		231	1	1		
34		236	3	1		
34		238	2	8		
34		240	2	9		
34		246	1	10		
34		247	1	5		
34		252	2	1		
34		253	2	3		
34		257	2	0		
34		265	1	2		
34		266	1	2		
34		275	2	1		
34		276	2	1		
34		315	2	0		
34		316	3	0		
34		317	3	1		
34		318	4	6		
34		329	0	0		
34		333	4	1		
34		450	3	1		
34		454	2	2		
34		457	3	0		
34		464	2	0		
34		466	1	1		
34		473	0	1		
34		474	3	0		
34		491	3	2		
34		493	1	6		
35		1	2	4		
35		32	2	7		
35		47	3	2		
35		63	0	1		
35		70	2	0		
35		160	2	0		
35		165	2	0		
35		223	0	1		
35		319	2	6		
35		494	0	0		
36		1	3	4		
36		2	2	8		
36		6	4	0		
36		10	2	0		
36		11	1	1		
36		13	3	4		
36		16	4	5		
36		18	3	1		
36		21	2	1		
36		24	2	2		
36		50	4	6		
36		63	2	1		
36		70	2	0		
36		104	4	1		
36		153	1	0		
36		158	2	1		
36		163	3	0		
36		165	3	0		
36		180	4	1		
36		208	2	0		
36		216	4	1		
36		223	3	1		
36		231	4	1		
36		239	1	4		
36		246	2	10		
36		250	3	1		
36		288	2	6		
36		316	2	0		
36		317	2	1		
36		333	4	1		
36		454	3	2		
36		457	3	0		
36		494	1	0		
37		32	2	7		
37		47	3	2		
37		50	2	6		
37		70	1	0		
37		110	2	0		
37		223	3	1		
37		318	2	6		
37		319	2	6		
38		10	3	0		
38		22	3	6		
38		47	3	2		
38		62	1	2		
38		110	2	0		
38		160	3	0		
38		185	2	0		
38		208	3	0		
38		218	3	1		
38		231	0	1		
38		266	3	2		
38		316	2	0		
38		318	3	6		
38		454	3	2		
38		457	3	0		
40		50	4	6		
40		223	2	1		
40		235	4	5		
40		246	3	10		
40		290	2	6		
40		318	4	6		
40		457	3	0		
41		45	1	1		
41		69	2	1		
41		105	2	2		
41		163	1	0		
41		195	2	1		
41		223	2	1		
41		236	2	1		
41		276	2	1		
42		46	3	1		
42		110	3	0		
42		151	3	0		
42		165	2	0		
43		1	3	4		
43		5	4	1		
43		7	4	1		
43		11	4	1		
43		17	4	2		
43		104	4	1		
43		205	3	1		
43		216	4	1		
43		236	4	1		
43		289	4	1		
43		317	4	1		
44		16	3	5		
44		17	4	2		
44		25	4	2		
44		50	4	6		
44		125	4	1		
44		162	4	10		
44		265	4	2		
44		290	4	6		
44		314	4	2		
44		318	4	6		
44		457	3	0		
45		50	4	6		
45		70	1	0		
45		110	4	0		
45		235	2	5		
45		266	3	2		
45		457	3	0		
46		163	0	0		
46		165	2	0		
47		1	2	4		
47		2	2	8		
47		10	4	0		
47		19	3	8		
47		32	3	7		
47		50	4	6		
47		110	4	0		
47		153	3	0		
47		165	4	0		
47		208	3	0		
47		231	3	1		
47		253	4	3		
47		316	2	0		
47		318	4	6		
50		10	2	0		
50		110	4	0		
50		151	4	0		
50		153	2	0		
50		160	0	0		
50		165	1	0		
50		185	2	0		
50		186	1	1		
50		231	2	1		
50		236	2	1		
50		252	2	1		
50		253	4	3		
50		266	4	2		
50		288	1	6		
50		318	3	6		
50		454	2	2		
50		457	3	0		
51		7	1	1		
51		11	2	1		
51		17	4	2		
51		194	4	1		
51		471	4	1		
51		492	4	1		
52		50	2	6		
52		288	0	6		
53		50	4	6		
53		185	1	0		
54		10	3	0		
54		11	0	1		
54		47	2	2		
54		50	3	6		
54		62	2	2		
54		105	2	2		
54		110	4	0		
54		161	3	0		
54		165	3	0		
54		185	2	0		
54		231	0	1		
54		277	4	11		
54		288	2	6		
54		316	2	0		
54		317	1	1		
54		318	3	6		
54		329	2	0		
54		454	3	2		
54		457	3	0		
54		474	2	0		
55		162	4	10		
55		203	1	1		
55		236	2	1		
56		1	3	4		
56		2	1	8		
56		10	2	0		
56		16	4	5		
56		50	3	6		
56		110	2	0		
56		153	0	0		
56		235	4	5		
56		492	4	1		
57		1	3	4		
57		5	3	1		
57		6	3	0		
57		7	3	1		
57		9	4	0		
57		17	2	2		
57		18	2	1		
57		25	3	2		
57		32	3	7		
57		62	2	2		
57		65	2	1		
57		79	3	2		
57		86	3	8		
57		88	3	1		
57		102	3	1		
57		104	4	1		
57		135	3	1		
57		494	4	0		
58		1	3	4		
58		25	3	2		
58		50	4	6		
58		110	2	0		
58		199	3	2		
58		235	3	5		
58		318	3	6		
58		337	3	2		
59		10	3	0		
59		153	2	0		
59		161	4	0		
59		165	2	0		
59		185	2	0		
59		231	2	1		
59		316	2	0		
59		318	4	6		
59		457	4	0		
60		7	0	1		
60		17	4	2		
60		25	3	2		
60		45	2	1		
60		47	2	2		
60		50	3	6		
60		79	1	2		
60		99	2	10		
60		105	2	2		
60		156	1	1		
60		194	3	1		
60		247	2	5		
60		318	4	6		
60		337	2	2		
60		494	1	0		
61		62	3	2		
61		105	3	2		
61		318	4	6		
62		10	2	0		
62		110	4	0		
62		153	3	0		
62		161	4	0		
62		165	2	0		
62		185	4	0		
62		208	2	0		
62		231	2	1		
62		253	2	3		
62		288	2	6		
62		316	3	0		
62		318	1	6		
62		329	2	0		
62		457	4	0		
63		164	1	0		
64		1	3	4		
64		6	2	0		
64		17	2	2		
64		25	4	2		
64		32	2	7		
64		79	1	2		
64		100	2	2		
64		494	3	0		
65		1	2	4		
65		2	2	8		
65		11	2	1		
65		17	3	2		
65		19	1	8		
65		28	3	2		
65		32	3	7		
65		60	2	11		
65		64	2	1		
65		72	2	1		
65		102	1	1		
65		105	2	2		
65		110	2	0		
65		129	2	1		
65		135	3	1		
65		151	3	0		
65		153	2	0		
65		158	3	1		
65		168	1	0		
65		169	1	8		
65		186	2	1		
65		195	2	1		
65		207	2	2		
65		224	2	1		
65		225	1	2		
65		232	1	1		
65		236	2	1		
65		239	1	4		
65		252	2	1		
65		254	1	5		
65		265	2	2		
65		275	3	1		
65		282	2	2		
65		289	3	1		
65		316	3	0		
65		317	3	1		
65		318	2	6		
65		329	2	0		
65		337	2	2		
65		455	1	8		
65		466	2	1		
65		468	2	1		
65		471	2	1		
66		19	1	8		
66		32	4	7		
66		50	3	6		
66		266	2	2		
67		10	3	0		
67		21	3	1		
67		45	2	1		
67		47	4	2		
67		50	4	6		
67		110	4	0		
67		153	2	0		
67		161	3	0		
67		163	3	0		
67		165	4	0		
67		168	3	0		
67		170	2	1		
67		185	2	0		
67		196	2	0		
67		216	3	1		
67		223	4	1		
67		225	3	2		
67		227	2	0		
67		231	3	1		
67		234	2	1		
67		248	1	1		
67		249	4	5		
67		252	3	1		
67		253	4	3		
67		257	3	0		
67		266	3	2		
67		280	2	2		
67		281	4	1		
67		288	2	6		
67		315	0	0		
67		316	3	0		
67		317	2	1		
67		318	4	6		
67		329	3	0		
67		333	2	1		
67		454	2	2		
67		457	3	0		
68		125	4	1		
68		154	4	2		
68		235	4	5		
68		337	4	2		
68		457	3	0		
69		17	3	2		
69		25	1	2		
69		32	3	7		
69		50	2	6		
69		110	2	0		
69		318	3	6		
70		318	2	6		
70		454	2	2		
71		10	2	0		
71		110	4	0		
71		153	2	0		
71		165	2	0		
71		185	2	0		
71		208	2	0		
71		253	2	3		
71		288	3	6		
71		316	2	0		
71		329	2	0		
72		10	3	0		
72		165	3	0		
72		225	3	2		
72		329	0	0		
72		454	4	2		
72		457	4	0		
73		6	4	0		
73		16	2	5		
73		17	3	2		
73		25	2	2		
73		32	2	7		
73		45	3	1		
73		47	3	2		
73		50	4	6		
73		162	2	10		
73		223	4	1		
73		235	3	5		
73		246	4	10		
73		281	2	1		
73		318	3	6		
73		319	3	6		
73		457	2	0		
74		186	3	1		
74		277	3	11		
74		315	3	0		
75		32	3	7		
75		110	3	0		
75		160	1	0		
75		163	3	0		
75		165	3	0		
76		1	3	4		
76		9	3	0		
76		10	3	0		
76		20	2	0		
76		21	1	1		
76		47	3	2		
76		71	3	0		
76		110	4	0		
76		153	2	0		
76		161	4	0		
76		165	3	0		
76		168	4	0		
76		185	3	0		
76		204	4	0		
76		208	2	0		
76		227	3	0		
76		231	2	1		
76		315	3	0		
76		316	2	0		
76		318	2	6		
76		329	3	0		
76		457	4	0		
76		474	4	0		
76		494	3	0		
77		1	3	4		
77		2	2	8		
77		7	2	1		
77		10	2	0		
77		19	2	8		
77		45	3	1		
77		47	3	2		
77		70	2	0		
77		71	2	0		
77		93	2	1		
77		110	3	0		
77		123	2	2		
77		153	3	0		
77		160	2	0		
77		163	4	0		
77		165	2	0		
77		170	2	1		
77		188	2	0		
77		193	2	2		
77		195	2	1		
77		196	3	0		
77		199	2	2		
77		218	2	1		
77		225	2	2		
77		229	2	2		
77		230	2	6		
77		231	0	1		
77		232	3	1		
77		235	3	5		
77		252	2	1		
77		253	2	3		
77		257	2	0		
77		265	3	2		
77		288	3	6		
77		316	2	0		
77		317	2	1		
77		319	3	6		
77		330	2	3		
77		332	2	3		
77		333	2	1		
77		452	3	1		
77		454	2	2		
77		457	3	0		
77		491	3	2		
77		495	2	2		
78		17	3	2		
78		29	3	9		
78		32	4	7		
78		82	3	1		
78		110	2	0		
78		162	3	10		
78		198	1	0		
78		223	3	1		
78		235	3	5		
78		314	3	2		
78		318	3	6		
78		327	2	0		
78		468	2	1		
79		11	2	1		
79		21	2	1		
79		25	3	2		
79		32	4	7		
79		47	2	2		
79		50	4	6		
79		151	2	0		
79		159	2	2		
79		161	2	0		
79		162	4	10		
79		194	3	1		
79		205	2	1		
79		215	3	2		
79		223	2	1		
79		225	2	2		
79		231	2	1		
79		235	2	5		
79		246	3	10		
79		266	2	2		
79		281	3	1		
79		288	2	6		
79		318	3	6		
79		319	2	6		
79		322	3	1		
79		337	2	2		
79		454	2	2		
79		457	2	0		
79		471	3	1		
79		474	1	0		
79		475	3	5		
80		19	2	8		
80		50	3	6		
80		110	3	0		
80		151	3	0		
80		161	2	0		
80		165	2	0		
80		168	2	0		
80		193	2	2		
80		204	2	0		
80		208	2	0		
80		216	1	1		
80		223	3	1		
80		225	3	2		
80		231	2	1		
80		234	1	1		
80		235	3	5		
80		257	2	0		
80		288	2	6		
80		316	2	0		
80		318	3	6		
80		333	2	1		
80		457	3	0		
81		266	4	2		
81		454	2	2		
82		253	1	3		
83		1	2	4		
83		5	2	1		
83		21	2	1		
83		62	2	2		
83		102	2	1		
83		104	2	1		
83		135	2	1		
83		158	2	1		
83		223	2	1		
83		235	3	5		
83		281	2	1		
83		317	2	1		
83		457	2	0		
84		1	2	4		
84		5	2	1		
84		7	2	1		
84		17	3	2		
84		25	1	2		
84		32	2	7		
84		62	3	2		
84		494	3	0		
85		1	2	4		
85		50	4	6		
85		82	2	1		
85		214	3	2		
85		215	1	2		
85		223	3	1		
85		232	3	1		
86		110	3	0		
86		288	0	6		
86		457	3	0		
87		223	4	1		
88		1	3	4		
88		19	3	8		
88		31	3	5		
88		88	3	1		
88		104	3	1		
88		110	4	0		
88		168	4	0		
88		169	1	8		
88		185	3	0		
88		216	4	1		
88		234	3	1		
88		317	2	1		
88		333	3	1		
88		466	3	1		
89		21	4	1		
89		31	3	5		
89		50	4	6		
89		110	4	0		
89		153	2	0		
89		161	3	0		
89		163	3	0		
89		165	4	0		
89		170	2	1		
89		177	3	3		
89		185	2	0		
89		193	2	2		
89		196	2	0		
89		204	3	0		
89		208	3	0		
89		216	1	1		
89		225	3	2		
89		231	3	1		
89		236	3	1		
89		253	2	3		
89		265	4	2		
89		288	4	6		
89		306	3	2		
89		307	3	2		
89		308	3	1		
89		315	3	0		
89		318	4	6		
89		327	1	0		
89		338	3	0		
90		1	4	4		
90		6	2	0		
90		32	2	7		
90		62	4	2		
90		100	3	2		
90		104	4	1		
90		135	2	1		
90		494	3	0		
91		1	2	4		
91		2	3	8		
91		47	3	2		
91		50	3	6		
91		151	3	0		
91		223	1	1		
91		235	3	5		
91		317	1	1		
91		318	4	6		
91		466	1	1		
92		6	3	0		
92		10	2	0		
92		32	3	7		
92		47	4	2		
92		110	4	0		
92		165	2	0		
92		208	2	0		
92		318	4	6		
92		329	2	0		
92		454	2	2		
92		457	3	0		
93		28	4	2		
94		10	3	0		
94		16	3	5		
94		19	0	8		
94		21	2	1		
94		47	2	2		
94		50	3	6		
94		79	2	2		
94		94	2	1		
94		110	4	0		
94		153	2	0		
94		157	2	1		
94		168	2	0		
94		170	2	1		
94		177	2	3		
94		185	2	0		
94		186	2	1		
94		193	2	2		
94		198	3	0		
94		208	2	0		
94		216	1	1		
94		223	3	1		
94		225	2	2		
94		231	1	1		
94		233	2	2		
94		234	2	1		
94		235	3	5		
94		237	2	1		
94		248	2	1		
94		253	3	3		
94		256	2	1		
94		257	2	0		
94		259	1	0		
94		266	2	2		
94		276	2	1		
94		280	2	2		
94		281	3	1		
94		288	3	6		
94		291	2	2		
94		315	2	0		
94		316	3	0		
94		318	4	6		
94		329	2	0		
94		333	0	1		
94		337	3	2		
94		338	3	0		
94		454	2	2		
94		457	4	0		
94		466	2	1		
94		471	2	1		
94		474	3	0		
94		491	2	2		
95		1	2	4		
95		10	2	0		
95		32	3	7		
95		47	3	2		
95		110	4	0		
95		153	2	0		
95		161	3	0		
95		165	3	0		
95		185	2	0		
95		231	1	1		
95		253	2	3		
95		288	2	6		
95		316	1	0		
95		318	4	6		
95		329	3	0		
95		454	2	2		
95		457	3	0		
96		1	3	4		
96		6	4	0		
96		16	3	5		
96		17	3	2		
96		21	3	1		
96		25	0	2		
96		32	3	7		
96		50	4	6		
96		62	3	2		
96		82	2	1		
96		86	3	8		
96		105	1	2		
96		110	2	0		
96		155	3	0		
96		161	3	0		
96		164	3	0		
96		183	3	3		
96		194	2	1		
96		198	2	0		
96		210	2	0		
96		225	2	2		
96		230	4	6		
96		233	2	2		
96		235	2	5		
96		280	3	2		
96		281	2	1		
96		282	3	2		
96		314	2	2		
96		319	3	6		
96		337	3	2		
96		454	2	2		
96		457	4	0		
96		468	4	1		
96		474	2	0		
96		494	3	0		
97		165	3	0		
98		1	3	4		
98		6	4	0		
98		18	2	1		
98		25	4	2		
98		156	2	1		
99		318	3	6		
100		1	0	4		
100		10	1	0		
100		21	1	1		
100		32	2	7		
100		47	3	2		
100		50	3	6		
100		110	2	0		
100		153	0	0		
100		161	1	0		
100		165	0	0		
100		168	0	0		
100		185	0	0		
100		186	2	1		
100		231	2	1		
100		246	1	10		
100		253	1	3		
100		277	0	11		
100		288	2	6		
100		315	0	0		
100		316	0	0		
100		318	3	6		
100		329	1	0		
100		454	1	2		
100		457	0	0		
100		466	0	1		
100		471	0	1		
101		1	4	4		
101		2	3	8		
101		11	3	1		
101		19	2	8		
101		22	2	6		
101		32	2	7		
101		47	3	2		
101		50	2	6		
101		110	2	0		
101		153	3	0		
101		160	2	0		
101		161	3	0		
101		165	3	0		
101		185	2	0		
101		186	2	1		
101		196	2	0		
101		198	3	0		
101		204	2	0		
101		208	2	0		
101		223	2	1		
101		225	3	2		
101		231	2	1		
101		252	2	1		
101		253	3	3		
101		280	2	2		
101		282	3	2		
101		315	2	0		
101		316	3	0		
101		317	2	1		
101		318	4	6		
101		329	3	0		
101		454	2	2		
101		457	3	0		
101		474	3	0		
102		10	3	0		
102		47	3	2		
102		50	4	6		
102		161	3	0		
102		185	1	0		
102		208	1	0		
102		231	0	1		
102		316	2	0		
102		318	4	6		
102		454	2	2		
102		457	3	0		
103		1	1	4		
103		10	2	0		
103		11	2	1		
103		21	2	1		
103		29	4	9		
103		32	2	7		
103		45	2	1		
103		47	1	2		
103		50	2	6		
103		68	2	1		
103		70	2	0		
103		82	3	1		
103		104	1	1		
103		110	2	0		
103		151	2	0		
103		153	1	0		
103		154	2	2		
103		159	2	2		
103		161	2	0		
103		162	3	10		
103		177	1	3		
103		185	0	0		
103		190	3	2		
103		194	2	1		
103		196	2	0		
103		232	2	1		
103		233	3	2		
103		235	2	5		
103		247	3	5		
103		265	2	2		
103		277	3	11		
103		288	1	6		
103		306	3	2		
103		307	3	2		
103		308	3	1		
103		316	2	0		
103		326	3	2		
103		337	3	2		
103		454	2	2		
103		457	2	0		
103		464	2	0		
103		466	1	1		
103		468	2	1		
103		474	2	0		
103		475	3	5		
103		494	2	0		
104		11	4	1		
104		110	4	0		
104		196	3	0		
104		235	4	5		
104		318	4	6		
104		330	2	3		
105		32	1	7		
105		110	2	0		
106		6	2	0		
106		9	2	0		
106		10	4	0		
106		21	0	1		
106		47	2	2		
106		163	4	0		
106		207	3	2		
106		225	3	2		
106		315	1	0		
106		494	2	0		
107		32	3	7		
107		198	1	0		
107		329	2	0		
108		105	1	2		
108		475	3	5		
110		153	3	0		
110		318	2	6		
110		457	3	0		
111		10	2	0		
111		50	4	6		
111		110	4	0		
111		153	2	0		
111		161	2	0		
111		165	3	0		
111		185	2	0		
111		208	2	0		
111		253	3	3		
111		288	2	6		
111		316	2	0		
111		318	2	6		
111		457	3	0		
112		1	2	4		
112		6	2	0		
112		16	2	5		
112		17	3	2		
112		18	2	1		
112		21	2	1		
112		22	2	6		
112		25	3	2		
112		28	3	2		
112		29	3	9		
112		32	3	7		
112		45	2	1		
112		47	2	2		
112		50	2	6		
112		55	3	2		
112		62	2	2		
112		72	2	1		
112		78	2	2		
112		82	3	1		
112		83	2	2		
112		94	2	1		
112		105	2	2		
112		110	2	0		
112		113	2	6		
112		123	1	2		
112		124	2	2		
112		125	2	1		
112		151	2	0		
112		154	2	2		
112		159	2	2		
112		161	2	0		
112		162	3	10		
112		164	2	0		
112		178	2	2		
112		185	2	0		
112		194	2	1		
112		205	2	1		
112		206	2	10		
112		211	2	2		
112		213	2	2		
112		215	3	2		
112		225	2	2		
112		230	2	6		
112		232	2	1		
112		233	2	2		
112		235	3	5		
112		246	4	10		
112		247	3	5		
112		263	2	2		
112		265	3	2		
112		279	2	2		
112		281	2	1		
112		290	2	6		
112		306	2	2		
112		307	3	2		
112		308	3	1		
112		314	2	2		
112		318	2	6		
112		319	2	6		
112		326	2	2		
112		334	3	1		
112		337	2	2		
112		452	2	1		
112		454	2	2		
112		456	2	6		
112		457	2	0		
112		461	2	2		
112		471	2	1		
112		474	2	0		
112		475	2	5		
112		492	2	1		
113		24	2	2		
113		86	3	8		
113		207	3	2		
114		1	3	4		
114		10	2	0		
115		1	4	4		
115		16	0	5		
115		19	0	8		
115		21	2	1		
115		25	4	2		
115		32	3	7		
115		110	3	0		
115		151	3	0		
115		266	1	2		
115		318	4	6		
115		454	2	2		
116		2	4	8		
116		5	2	1		
116		7	3	1		
116		8	2	8		
116		10	2	0		
116		11	4	1		
116		13	2	4		
116		19	2	8		
116		21	2	1		
116		24	3	2		
116		31	3	5		
116		60	3	11		
116		62	4	2		
116		70	0	0		
116		79	3	2		
116		86	3	8		
116		87	3	1		
116		105	3	2		
116		110	3	0		
116		135	2	1		
116		151	3	0		
116		158	4	1		
116		160	3	0		
116		161	4	0		
116		165	4	0		
116		168	3	0		
116		169	3	8		
116		185	3	0		
116		186	4	1		
116		193	1	2		
116		196	2	0		
116		204	4	0		
116		207	4	2		
116		208	3	0		
116		212	2	8		
116		217	2	2		
116		225	4	2		
116		227	3	0		
116		231	0	1		
116		234	2	1		
116		236	3	1		
116		239	3	4		
116		248	4	1		
116		250	3	1		
116		252	3	1		
116		253	2	3		
116		256	4	1		
116		257	4	0		
116		258	3	8		
116		276	3	1		
116		277	4	11		
116		282	4	2		
116		289	3	1		
116		314	3	2		
116		315	2	0		
116		316	3	0		
116		317	4	1		
116		318	4	6		
116		329	3	0		
116		453	2	1		
116		454	2	2		
116		455	2	8		
116		494	3	0		
117		50	3	6		
117		70	0	0		
117		168	3	0		
117		180	2	1		
118		6	2	0		
118		10	2	0		
118		16	2	5		
118		21	3	1		
118		22	2	6		
118		25	2	2		
118		32	3	7		
118		47	2	2		
118		50	3	6		
118		62	2	2		
118		110	4	0		
118		151	3	0		
118		153	2	0		
118		160	2	0		
118		161	3	0		
118		165	2	0		
118		168	2	0		
118		185	1	0		
118		193	1	2		
118		196	2	0		
118		204	1	0		
118		208	2	0		
118		224	2	1		
118		225	2	2		
118		231	0	1		
118		235	3	5		
118		237	2	1		
118		253	0	3		
118		266	2	2		
118		288	2	6		
118		315	2	0		
118		316	2	0		
118		318	3	6		
118		329	2	0		
118		454	1	2		
118		457	3	0		
118		474	3	0		
119		11	2	1		
119		16	3	5		
119		17	3	2		
119		19	2	8		
119		21	2	1		
119		22	2	6		
119		25	2	2		
119		47	2	2		
119		57	2	1		
119		165	2	0		
119		180	2	1		
119		186	2	1		
119		203	1	1		
119		208	1	0		
119		223	3	1		
119		231	2	1		
119		259	1	0		
119		288	2	6		
119		318	4	6		
119		327	1	0		
119		337	2	2		
119		454	2	2		
119		457	2	0		
119		491	2	2		
120		1	2	4		
120		62	2	2		
120		65	2	1		
120		86	2	8		
120		88	3	1		
120		104	4	1		
120		135	1	1		
120		333	4	1		
121		50	3	6		
121		90	2	2		
121		214	0	2		
121		229	3	2		
121		246	1	10		
121		289	4	1		
121		318	4	6		
121		336	4	2		
121		457	4	0		
122		10	3	0		
122		21	2	1		
122		25	3	2		
122		50	3	6		
122		69	4	1		
122		110	3	0		
122		151	2	0		
122		162	4	10		
122		198	3	0		
122		223	4	1		
122		230	2	6		
122		231	3	1		
122		235	3	5		
122		265	4	2		
122		307	3	2		
122		318	4	6		
122		337	3	2		
122		454	2	2		
122		457	3	0		
122		474	3	0		
122		492	3	1		
123		110	4	0		
124		1	2	4		
124		10	3	0		
124		181	0	0		
124		199	2	2		
124		215	2	2		
124		265	2	2		
124		290	2	6		
124		337	2	2		
124		455	0	8		
125		1	4	4		
125		16	2	5		
125		19	1	8		
125		21	2	1		
125		22	1	6		
125		25	2	2		
125		29	4	9		
125		32	4	7		
125		47	4	2		
125		50	4	6		
125		62	3	2		
125		70	4	0		
125		104	4	1		
125		110	4	0		
125		151	2	0		
125		163	3	0		
125		164	2	0		
125		165	4	0		
125		170	0	1		
125		180	2	1		
125		196	0	0		
125		208	3	0		
125		223	4	1		
125		231	4	1		
125		235	3	5		
125		253	1	3		
125		266	0	2		
125		288	3	6		
125		316	1	0		
125		318	4	6		
125		327	2	0		
125		454	3	2		
125		457	3	0		
125		471	2	1		
125		474	2	0		
125		491	1	2		
126		1	4	4		
126		2	1	8		
126		5	1	1		
126		6	2	0		
126		7	1	1		
126		10	2	0		
126		11	1	1		
126		16	1	5		
126		19	1	8		
126		25	1	2		
126		32	2	7		
126		47	4	2		
126		50	4	6		
126		62	2	2		
126		104	2	1		
126		110	4	0		
126		153	0	0		
126		160	1	0		
126		161	2	0		
126		163	1	0		
126		165	0	0		
126		186	1	1		
126		196	0	0		
126		208	0	0		
126		225	0	2		
126		231	2	1		
126		235	1	5		
126		252	1	1		
126		253	1	3		
126		266	3	2		
126		288	0	6		
126		315	1	0		
126		316	2	0		
126		318	4	6		
126		337	3	2		
126		454	2	2		
126		457	3	0		
126		474	2	0		
126		494	1	0		
128		2	4	8		
128		11	3	1		
128		17	4	2		
128		21	2	1		
128		28	3	2		
128		32	4	7		
128		110	4	0		
128		186	2	1		
128		207	3	2		
128		232	3	1		
128		253	3	3		
128		256	2	1		
128		265	4	2		
128		266	2	2		
128		282	2	2		
128		314	4	2		
128		318	4	6		
128		457	3	0		
128		468	4	1		
129		88	1	1		
129		180	3	1		
129		223	4	1		
130		50	3	6		
130		306	3	2		
131		11	2	1		
131		16	4	5		
131		21	2	1		
131		22	1	6		
131		25	4	2		
131		47	4	2		
131		50	3	6		
131		70	4	0		
131		104	3	1		
131		153	2	0		
131		158	1	1		
131		161	2	0		
131		208	2	0		
131		216	0	1		
131		223	4	1		
131		235	2	5		
131		246	0	10		
131		247	4	5		
131		253	2	3		
131		288	4	6		
131		329	1	0		
131		457	3	0		
131		466	0	1		
132		10	1	0		
132		110	2	0		
132		165	2	0		
132		231	2	1		
132		316	1	0		
132		318	3	6		
132		329	1	0		
132		457	2	0		
134		1	4	4		
134		5	3	1		
134		6	4	0		
134		32	3	7		
134		62	3	2		
134		79	2	2		
135		1	3	4		
135		6	2	0		
135		10	3	0		
135		21	4	1		
135		32	3	7		
135		110	3	0		
135		153	4	0		
135		165	3	0		
135		253	2	3		
135		288	2	6		
135		316	4	0		
135		329	4	0		
135		457	3	0		
136		1	3	4		
136		21	2	1		
136		104	3	1		
136		196	2	0		
136		230	4	6		
136		235	2	5		
136		318	4	6		
136		333	3	1		
136		454	3	2		
136		457	3	0		
136		471	4	1		
137		1	4	4		
137		24	2	2		
137		25	1	2		
137		47	4	2		
137		50	3	6		
137		65	2	1		
137		86	2	8		
137		227	2	0		
137		234	1	1		
137		318	4	6		
137		457	4	0		
138		16	2	5		
138		19	0	8		
138		25	2	2		
138		32	3	7		
138		47	3	2		
138		50	3	6		
138		110	2	0		
138		222	2	2		
138		282	0	2		
138		315	0	0		
138		318	3	6		
138		329	3	0		
139		1	2	4		
139		2	2	8		
139		5	1	1		
139		7	2	1		
139		8	2	8		
139		10	2	0		
139		17	1	2		
139		22	2	6		
139		24	3	2		
139		25	2	2		
139		32	3	7		
139		47	4	2		
139		57	1	1		
139		64	1	1		
139		70	3	0		
139		86	3	8		
139		88	3	1		
139		104	3	1		
139		110	4	0		
139		122	2	1		
139		126	2	8		
139		151	3	0		
139		153	2	0		
139		157	4	1		
139		158	2	1		
139		160	3	0		
139		161	3	0		
139		162	2	10		
139		163	2	0		
139		165	3	0		
139		168	3	0		
139		169	1	8		
139		177	3	3		
139		179	2	2		
139		185	2	0		
139		188	4	0		
139		196	4	0		
139		198	3	0		
139		203	0	1		
139		204	1	0		
139		207	3	2		
139		208	3	0		
139		223	4	1		
139		225	1	2		
139		227	2	0		
139		231	3	1		
139		233	3	2		
139		240	2	9		
139		246	2	10		
139		252	2	1		
139		253	4	3		
139		256	1	1		
139		257	3	0		
139		258	2	8		
139		266	4	2		
139		275	2	1		
139		316	3	0		
139		317	1	1		
139		318	4	6		
139		327	3	0		
139		328	2	0		
139		329	1	0		
139		330	1	3		
139		332	2	3		
139		333	3	1		
139		338	3	0		
139		450	3	1		
139		454	3	2		
139		464	2	0		
139		465	3	0		
139		466	2	1		
139		473	1	1		
139		491	3	2		
139		493	2	6		
140		16	2	5		
140		50	4	6		
140		266	2	2		
140		318	3	6		
140		337	3	2		
141		1	4	4		
141		10	1	0		
141		17	3	2		
141		25	2	2		
141		62	3	2		
141		231	0	1		
141		253	2	3		
141		256	3	1		
141		288	0	6		
141		454	3	2		
141		457	4	0		
142		1	3	4		
142		25	2	2		
142		29	2	9		
142		32	2	7		
142		50	3	6		
142		62	2	2		
142		81	2	6		
142		82	2	1		
142		86	3	8		
142		230	2	6		
142		454	2	2		
142		457	3	0		
142		494	2	0		
143		1	1	4		
143		5	3	1		
143		10	2	0		
143		11	2	1		
143		19	3	8		
143		21	2	1		
143		24	3	2		
143		25	0	2		
143		32	3	7		
143		45	2	1		
143		47	3	2		
143		57	3	1		
143		62	2	2		
143		63	4	1		
143		65	1	1		
143		69	2	1		
143		87	0	1		
143		88	4	1		
143		93	0	1		
143		102	1	1		
143		104	3	1		
143		110	4	0		
143		118	3	1		
143		125	2	1		
143		126	0	8		
143		135	2	1		
143		153	1	0		
143		157	2	1		
143		162	1	10		
143		163	1	0		
143		180	4	1		
143		185	1	0		
143		186	2	1		
143		195	0	1		
143		203	4	1		
143		205	3	1		
143		212	4	8		
143		216	3	1		
143		217	0	2		
143		223	4	1		
143		231	4	1		
143		234	0	1		
143		236	1	1		
143		239	3	4		
143		246	1	10		
143		248	0	1		
143		250	4	1		
143		252	2	1		
143		255	0	1		
143		256	1	1		
143		275	2	1		
143		276	0	1		
143		279	0	2		
143		316	2	0		
143		317	0	1		
143		318	4	6		
143		325	2	8		
143		327	2	0		
143		330	1	3		
143		333	4	1		
143		337	2	2		
143		450	3	1		
143		455	1	8		
143		457	3	0		
143		460	0	1		
143		466	4	1		
143		470	0	1		
143		473	2	1		
144		1	3	4		
144		2	0	8		
144		6	3	0		
144		10	2	0		
144		16	2	5		
144		19	2	8		
144		21	2	1		
144		22	1	6		
144		25	3	2		
144		29	3	9		
144		32	3	7		
144		47	4	2		
144		50	4	6		
144		60	0	11		
144		63	2	1		
144		70	2	0		
144		81	2	6		
144		110	2	0		
144		153	1	0		
144		158	0	1		
144		159	2	2		
144		160	0	0		
144		161	2	0		
144		163	2	0		
144		165	2	0		
144		185	1	0		
144		194	2	1		
144		196	1	0		
144		198	3	0		
144		204	2	0		
144		208	1	0		
144		223	3	1		
144		235	3	5		
144		247	3	5		
144		253	3	3		
144		288	2	6		
144		290	3	6		
144		308	3	1		
144		316	3	0		
144		318	3	6		
144		319	3	6		
144		329	3	0		
144		337	2	2		
144		457	2	0		
144		466	3	1		
144		471	3	1		
144		474	2	0		
144		494	2	0		
145		32	2	7		
145		50	4	6		
145		153	1	0		
145		288	3	6		
145		329	2	0		
145		457	3	0		
148		1	4	4		
148		17	4	2		
148		21	3	1		
148		29	4	9		
148		32	4	7		
148		47	3	2		
148		50	4	6		
148		70	4	0		
148		123	4	2		
148		161	3	0		
148		180	3	1		
148		266	1	2		
148		457	4	0		
148		471	3	1		
149		1	2	4		
149		5	1	1		
149		9	1	0		
149		10	2	0		
149		19	1	8		
149		23	2	0		
149		50	2	6		
149		104	2	1		
149		122	1	1		
149		160	0	0		
149		161	1	0		
149		163	3	0		
149		180	3	1		
149		193	2	2		
149		198	3	0		
149		237	0	1		
149		317	1	1		
150		17	4	2		
150		105	4	2		
150		154	2	2		
150		233	2	2		
150		265	2	2		
150		306	2	2		
150		307	4	2		
150		308	2	1		
150		457	2	0		
151		50	4	6		
151		318	4	6		
152		6	3	0		
152		47	4	2		
152		50	4	6		
152		110	4	0		
152		196	3	0		
152		316	3	0		
152		318	4	6		
152		457	3	0		
153		110	4	0		
153		288	4	6		
153		290	4	6		
154		1	3	4		
154		2	3	8		
154		6	3	0		
154		10	3	0		
154		19	0	8		
154		21	1	1		
154		24	2	2		
154		32	3	7		
154		47	2	2		
154		50	4	6		
154		62	2	2		
154		69	3	1		
154		104	3	1		
154		110	3	0		
154		153	0	0		
154		165	3	0		
154		180	3	1		
154		196	1	0		
154		208	1	0		
154		231	2	1		
154		253	3	3		
154		288	3	6		
154		316	3	0		
154		327	3	0		
154		329	3	0		
154		337	3	2		
154		338	2	0		
154		457	2	0		
155		1	3	4		
155		5	3	1		
155		25	3	2		
155		32	3	7		
155		47	3	2		
155		50	3	6		
155		110	2	0		
155		223	3	1		
155		231	3	1		
155		288	3	6		
155		318	4	6		
155		457	2	0		
156		6	1	0		
156		7	1	1		
156		25	3	2		
156		32	1	7		
156		62	4	2		
156		64	0	1		
156		79	2	2		
156		100	2	2		
156		102	0	1		
156		104	0	1		
157		1	4	4		
157		5	2	1		
157		7	3	1		
157		9	4	0		
157		32	4	7		
157		63	3	1		
157		104	4	1		
157		135	3	1		
157		494	3	0		
158		6	4	0		
158		10	2	0		
158		16	4	5		
158		21	4	1		
158		25	4	2		
158		47	4	2		
158		50	4	6		
158		79	2	2		
158		162	2	10		
158		198	4	0		
158		203	2	1		
158		218	3	1		
158		234	2	1		
158		235	2	5		
158		236	2	1		
158		247	4	5		
158		252	2	1		
158		253	2	3		
158		288	4	6		
158		316	1	0		
158		319	4	6		
158		327	3	0		
158		329	2	0		
158		454	3	2		
158		457	3	0		
160		9	1	0		
160		20	0	0		
160		70	3	0		
160		110	3	0		
160		153	1	0		
160		160	1	0		
160		165	3	0		
160		316	1	0		
160		329	3	0		
160		457	4	0		
160		464	2	0		
161		1	1	4		
161		47	3	2		
161		50	2	6		
161		62	1	2		
161		110	2	0		
161		163	0	0		
161		186	1	1		
161		253	2	3		
161		282	2	2		
161		318	4	6		
161		457	2	0		
161		466	1	1		
162		1	3	4		
162		10	3	0		
162		47	4	2		
162		110	3	0		
162		185	3	0		
162		224	3	1		
162		253	4	3		
162		475	4	5		
163		11	2	1		
163		16	3	5		
163		17	2	2		
163		21	2	1		
163		22	0	6		
163		25	4	2		
163		32	3	7		
163		47	4	2		
163		50	4	6		
163		153	1	0		
163		161	2	0		
163		208	3	0		
163		223	4	1		
163		231	0	1		
163		235	2	5		
163		246	3	10		
163		253	2	3		
163		277	2	11		
163		288	4	6		
163		316	1	0		
163		329	0	0		
164		6	4	0		
164		10	2	0		
164		32	2	7		
164		47	4	2		
164		153	2	0		
164		160	3	0		
164		165	4	0		
164		186	1	1		
164		196	3	0		
164		208	1	0		
164		231	4	1		
164		256	3	1		
164		266	2	2		
164		288	4	6		
164		315	0	0		
164		316	4	0		
164		318	4	6		
164		454	2	2		
164		457	4	0		
164		474	3	0		
165		11	2	1		
165		223	2	1		
166		6	3	0		
166		161	3	0		
166		316	3	0		
166		457	4	0		
167		1	4	4		
167		6	4	0		
167		25	3	2		
167		32	4	7		
167		62	3	2		
167		65	3	1		
167		104	3	1		
168		1	4	4		
168		21	4	1		
170		1	2	4		
170		2	1	8		
170		10	2	0		
170		19	1	8		
170		21	2	1		
170		32	3	7		
170		47	3	2		
170		50	3	6		
170		104	3	1		
170		165	2	0		
170		180	4	1		
170		208	1	0		
170		223	3	1		
170		231	0	1		
170		318	3	6		
170		337	2	2		
171		1	4	4		
171		21	1	1		
171		47	4	2		
171		50	4	6		
171		69	2	1		
171		104	4	1		
171		110	4	0		
171		165	3	0		
171		180	3	1		
171		208	3	0		
171		216	3	1		
171		231	3	1		
171		318	4	6		
171		333	4	1		
171		454	3	2		
172		10	2	0		
172		110	4	0		
172		153	2	0		
172		165	3	0		
172		185	2	0		
172		186	1	1		
172		207	2	2		
172		208	1	0		
172		256	2	1		
172		457	2	0		
173		1	3	4		
173		2	2	8		
173		5	2	1		
173		6	3	0		
173		7	3	1		
173		9	3	0		
173		11	4	1		
173		20	3	0		
173		21	3	1		
173		22	3	6		
173		23	1	0		
173		24	4	2		
173		47	3	2		
173		50	2	6		
173		57	1	1		
173		62	2	2		
173		68	3	1		
173		70	3	0		
173		79	2	2		
173		86	2	8		
173		94	2	1		
173		100	2	2		
173		105	2	2		
173		132	2	0		
173		153	2	0		
173		160	2	0		
173		161	3	0		
173		164	2	0		
173		165	4	0		
173		185	2	0		
173		194	2	1		
173		195	2	1		
173		196	3	0		
173		207	3	2		
173		208	2	0		
173		225	3	2		
173		230	3	6		
173		231	1	1		
173		236	3	1		
173		237	2	1		
173		252	3	1		
173		253	2	3		
173		256	2	1		
173		257	3	0		
173		277	3	11		
173		280	4	2		
173		281	2	1		
173		289	2	1		
173		317	3	1		
173		318	4	6		
173		329	2	0		
173		338	2	0		
173		454	2	2		
173		457	4	0		
173		474	4	0		
173		475	3	5		
173		494	3	0		
174		17	4	2		
174		208	0	0		
174		247	4	5		
174		265	4	2		
174		318	4	6		
174		334	2	1		
175		1	3	4		
175		6	4	0		
175		19	0	8		
175		21	0	1		
175		25	1	2		
175		32	3	7		
175		47	0	2		
175		50	4	6		
175		104	4	1		
175		105	3	2		
175		110	4	0		
175		208	0	0		
175		223	4	1		
175		253	2	3		
175		288	4	6		
175		306	4	2		
175		307	4	2		
175		308	4	1		
175		318	4	6		
175		454	2	2		
175		457	4	0		
176		110	3	0		
176		153	3	0		
176		161	3	0		
176		165	2	0		
176		208	2	0		
176		231	2	1		
176		253	2	3		
176		316	3	0		
176		457	3	0		
177		1	3	4		
177		6	2	0		
177		25	4	2		
177		32	3	7		
177		62	3	2		
177		79	2	2		
177		135	2	1		
177		494	2	0		
178		1	3	4		
178		17	4	2		
178		110	2	0		
178		318	4	6		
178		457	3	0		
178		471	3	1		
179		1	4	4		
179		6	4	0		
179		24	2	2		
179		29	3	9		
179		32	4	7		
179		50	4	6		
179		81	0	6		
179		110	3	0		
179		163	3	0		
179		235	4	5		
179		288	2	6		
179		316	3	0		
179		455	3	8		
179		471	4	1		
180		2	3	8		
180		7	4	1		
180		50	4	6		
182		1	3	4		
182		2	2	8		
182		5	3	1		
182		6	4	0		
182		7	3	1		
182		11	4	1		
182		16	2	5		
182		17	4	2		
182		21	4	1		
182		24	3	2		
182		25	3	2		
182		28	3	2		
182		31	2	5		
182		45	2	1		
182		46	2	1		
182		50	4	6		
182		57	3	1		
182		60	2	11		
182		62	3	2		
182		64	2	1		
182		72	2	1		
182		78	3	2		
182		81	2	6		
182		82	3	1		
182		83	2	2		
182		86	2	8		
182		100	3	2		
182		105	3	2		
182		110	3	0		
182		113	3	6		
182		122	2	1		
182		125	1	1		
182		135	2	1		
182		151	4	0		
182		153	2	0		
182		155	3	0		
182		160	1	0		
182		161	4	0		
182		164	3	0		
182		168	2	0		
182		169	2	8		
182		179	2	2		
182		186	2	1		
182		187	1	1		
182		191	2	2		
182		193	2	2		
182		194	3	1		
182		195	4	1		
182		201	2	2		
182		203	4	1		
182		205	3	1		
182		207	3	2		
182		208	2	0		
182		211	3	2		
182		215	2	2		
182		218	3	1		
182		222	4	2		
182		223	2	1		
182		224	2	1		
182		225	2	2		
182		229	3	2		
182		230	4	6		
182		231	1	1		
182		232	4	1		
182		236	3	1		
182		237	2	1		
182		241	2	2		
182		242	4	5		
182		247	3	5		
182		249	3	5		
182		252	2	1		
182		253	3	3		
182		254	2	5		
182		263	2	2		
182		265	3	2		
182		266	2	2		
182		276	3	1		
182		278	2	1		
182		281	3	1		
182		282	3	2		
182		289	2	1		
182		290	3	6		
182		314	3	2		
182		316	3	0		
182		317	1	1		
182		318	4	6		
182		324	4	1		
182		329	3	0		
182		334	3	1		
182		336	2	2		
182		337	4	2		
182		450	2	1		
182		451	2	2		
182		454	3	2		
182		455	4	8		
182		465	3	0		
182		469	2	2		
182		471	1	1		
182		472	1	1		
182		473	1	1		
182		475	3	5		
182		476	2	12		
182		491	3	2		
182		492	3	1		
183		2	3	8		
183		62	4	2		
183		105	4	2		
183		110	4	0		
183		114	4	2		
183		154	4	2		
183		213	3	2		
183		230	4	6		
183		265	4	2		
183		314	3	2		
183		317	4	1		
183		318	4	6		
183		329	4	0		
184		2	1	8		
184		47	4	2		
184		50	4	6		
184		110	4	0		
185		62	2	2		
185		105	4	2		
185		455	2	8		
186		50	4	6		
186		154	3	2		
186		247	4	5		
186		319	4	6		
186		457	1	0		
186		495	4	2		
187		2	1	8		
187		10	2	0		
187		110	1	0		
187		185	1	0		
187		208	2	0		
187		231	1	1		
188		17	4	2		
188		28	4	2		
188		110	4	0		
188		153	2	0		
188		252	2	1		
188		256	2	1		
188		266	2	2		
188		276	1	1		
188		277	2	11		
188		282	2	2		
188		289	2	1		
188		316	2	0		
188		329	2	0		
188		454	2	2		
188		457	3	0		
188		474	2	0		
189		1	3	4		
189		6	4	0		
189		17	3	2		
189		21	3	1		
189		22	3	6		
189		32	3	7		
189		47	2	2		
189		62	3	2		
189		110	4	0		
189		208	2	0		
189		457	3	0		
189		474	2	0		
189		494	2	0		
190		1	3	4		
190		2	3	8		
190		7	1	1		
190		32	2	7		
190		110	3	0		
190		161	2	0		
190		188	0	0		
190		196	0	0		
190		198	0	0		
190		231	0	1		
190		236	1	1		
190		316	2	0		
190		329	3	0		
191		318	3	6		
191		466	3	1		
192		6	2	0		
192		31	2	5		
192		47	3	2		
192		50	3	6		
192		153	1	0		
192		253	2	3		
192		288	2	6		
192		326	3	2		
193		2	2	8		
193		10	2	0		
193		11	2	1		
193		19	0	8		
193		21	4	1		
193		22	2	6		
193		23	1	0		
193		31	2	5		
193		45	2	1		
193		47	2	2		
193		50	3	6		
193		60	2	11		
193		110	2	0		
193		151	2	0		
193		153	1	0		
193		160	2	0		
193		161	3	0		
193		163	2	0		
193		165	2	0		
193		169	1	8		
193		185	2	0		
193		195	2	1		
193		196	2	0		
193		198	2	0		
193		200	1	2		
193		204	3	0		
193		208	2	0		
193		210	2	0		
193		222	3	2		
193		223	1	1		
193		225	2	2		
193		227	2	0		
193		230	2	6		
193		231	0	1		
193		232	4	1		
193		234	0	1		
193		235	0	5		
193		236	2	1		
193		241	2	2		
193		246	2	10		
193		252	2	1		
193		253	1	3		
193		257	3	0		
193		265	3	2		
193		266	2	2		
193		276	2	1		
193		279	4	2		
193		282	2	2		
193		288	0	6		
193		314	2	2		
193		315	1	0		
193		316	3	0		
193		317	2	1		
193		318	4	6		
193		329	2	0		
193		330	2	3		
193		332	1	3		
193		337	0	2		
193		338	2	0		
193		450	2	1		
193		454	2	2		
193		455	2	8		
193		457	3	0		
193		458	2	2		
193		460	2	1		
193		466	2	1		
193		468	2	1		
193		471	1	1		
193		474	2	0		
193		491	2	2		
193		493	2	6		
194		1	4	4		
194		5	4	1		
194		7	3	1		
194		17	3	2		
194		25	3	2		
194		32	2	7		
194		62	4	2		
194		63	4	1		
194		65	4	1		
194		104	4	1		
194		135	3	1		
195		17	3	2		
196		1	3	4		
196		2	2	8		
196		10	3	0		
196		11	4	1		
196		25	1	2		
196		60	2	11		
196		104	3	1		
196		110	4	0		
196		155	2	0		
196		161	3	0		
196		163	2	0		
196		165	3	0		
196		181	0	0		
196		204	2	0		
196		258	2	8		
196		316	3	0		
196		317	3	1		
196		318	4	6		
196		329	3	0		
196		337	2	2		
196		454	4	2		
196		457	4	0		
196		458	3	2		
196		466	2	1		
197		16	4	5		
197		21	3	1		
197		99	3	10		
197		231	3	1		
197		454	2	2		
197		492	4	1		
198		1	3	4		
198		6	3	0		
198		16	3	5		
198		19	1	8		
198		32	3	7		
198		47	4	2		
198		50	4	6		
198		104	3	1		
198		110	3	0		
198		153	2	0		
198		161	3	0		
198		165	3	0		
198		180	4	1		
198		208	2	0		
198		216	3	1		
198		223	3	1		
198		231	3	1		
198		288	3	6		
198		316	3	0		
198		318	4	6		
198		333	3	1		
198		471	3	1		
198		475	3	5		
199		2	3	8		
199		153	3	0		
199		165	3	0		
199		231	1	1		
199		253	3	3		
199		316	2	0		
199		329	2	0		
199		457	4	0		