 0.504181 0.37707
 0.539861 0.296836
 1.10825 0.989289
 0.0797616 0.0114035
 0.849474 0.507598
 0.0657609 0.00653293
 0.314048 0.0630862
 0.132088 0.0258211
 0.205974 0.0344696
 0.740394 0.539028
 0 0
 0.533046 0.187617
 0 0
 0.0623668 0.00565748
 0.681612 0.832905
 0.712813 0.321356
 0 0
 0.431796 0.133596
 0.486737 0.999384
 2.0904 2.14186
 0 0
 0.289162 0.140795
 0 0
 0.169204 0.0182394
 0.03083 0.00259262
 6.08342 9.10172
 0.276337 0.126596
 0.165316 0.0769058
 1.35765 1.91373
 2.98924 6.5982
 5.4035 6.99444
 0.563704 0.383599
 0 0
 2.55949 0.646669
 0 0
 0 0
 1.23415 0.527683
