 0.316077 0.0825312
 0.594485 0.300552
 0.481268 0.195904
 0.0357796 0.00429656
 0.631219 0.257384
 0.0415779 0.00262077
 0.676811 0.252578
 0.254566 0.254391
 1.21617 0.948009
 0.412423 0.129726
 0 0
 0.359424 0.116637
 0 0
 0.0881055 0.0118669
 0.827544 0.706076
 0.385215 0.124171
 0 0
 0.847651 0.475919
 0.365143 0.465554
 1.72549 1.46084
 0 0
 0.261107 0.0906518
 0 0
 1.04464 1.12735
 0.105406 0.0808563
 3.90282 5.28179
 0.293867 0.240572
 0.122065 0.0334999
 0.610315 0.447407
 2.15195 2.27332
 3.52917 4.04074
 1.01539 0.568882
 0 0
 2.91213 1.37956
 0 0
 0 0
 1.51367 0.69172
