0	1	2

1		1
1		2
1		3
1		4
1		5
1		7
1		8
1		9
1		11
1		13
1		15
1		16
1		18
1		19
1		21
1		22
1		25
1		26
1		28
1		29
1		30
1		32
1		34
1		35
1		37
1		38
1		40
1		41
1		42
1		43
1		45
1		46
1		48
1		50
1		52
1		55
1		57
1		58
1		59
1		63
1		66
1		68
1		71
1		75
1		77
1		79
1		83
1		87
1		88
1		89
1		93
1		94
1		95
1		99
1		101
1		105
1		106
1		109
1		110
1		111
1		115
1		116
1		119
1		122
1		123
1		124
1		126
1		127
1		131
1		133
1		135
1		136
1		137
1		138
1		139
1		141
1		142
1		144
1		146
1		147
1		149
1		152
1		153
1		156
1		158
1		162
1		165
1		166
1		167
1		168
1		169
1		172
1		173
1		176
1		178
1		179
1		181
1		182
1		187
1		191
1		192
1		194
1		195
1		197
1		198
1		199
1		203
1		204
1		205
1		207
1		211
1		216
1		217
1		220
1		223
1		231
1		234
1		237
1		238
1		239
1		240
1		244
1		245
1		246
1		247
1		249
1		251
1		256
1		257
1		261
1		263
1		268
1		269
1		270
1		271
2		1
2		10
2		14
2		25
2		100
2		111
2		127
2		237
2		242
2		255
2		258
2		269
2		272
2		273
2		274
2		275
2		276
2		277
2		278
2		282
2		283
2		284
2		285
2		286
2		287
2		288
2		289
2		291
2		293
2		294
2		295
2		296
2		300
2		302
2		304
2		305
2		306
2		309
2		310
2		311
3		181
3		258
3		260
3		268
3		271
3		288
3		302
3		303
3		317
3		319
3		320
3		321
3		322
3		325
3		326
3		329
3		333
3		336
3		338
3		339
3		340
3		342
3		344
3		346
3		347
3		352
3		353
3		355
4		11
4		210
4		258
4		271
4		300
4		301
4		324
4		327
4		328
4		329
4		358
4		359
4		360
4		362
5		21
5		25
5		29
5		50
5		63
5		66
5		70
5		95
5		99
5		101
5		105
5		121
5		135
5		145
5		151
5		162
5		163
5		168
5		169
5		172
5		174
5		181
5		183
5		186
5		189
5		194
5		200
5		204
5		208
5		210
5		216
5		226
5		228
5		229
5		233
5		235
5		239
5		250
5		257
5		365
5		366
5		367
5		368
5		371
5		373
5		374
5		375
5		378
5		380
5		381
5		383
5		386
5		387
5		390
5		392
5		395
5		396
5		398
5		399
5		401
5		404
5		405
5		406
5		408
5		409
5		412
5		414
5		415
5		416
5		419
5		420
5		425
5		427
5		430
5		431
5		432
5		434
5		437
5		438
5		440
5		442
5		443
5		446
5		447
5		448
5		449
5		450
5		451
5		452
5		455
5		456
6		1
6		7
6		8
6		9
6		12
6		13
6		21
6		22
6		47
6		50
6		64
6		71
6		79
6		89
6		111
6		127
6		132
6		137
6		153
6		165
6		166
6		168
6		169
6		170
6		173
6		174
6		177
6		178
6		182
6		185
6		186
6		191
6		192
6		194
6		200
6		202
6		203
6		216
6		223
6		237
6		242
6		246
6		257
6		259
6		261
6		268
6		272
6		274
6		285
6		293
6		298
6		302
6		303
6		306
6		308
6		309
6		310
6		317
6		321
6		340
6		367
6		405
6		408
6		410
6		419
6		425
6		427
6		435
6		460
6		461
6		462
6		464
6		465
6		468
6		472
6		473
6		474
6		482
6		485
6		489
6		490
6		491
6		493
6		494
6		495
6		496
6		497
7		4
7		9
7		11
7		12
7		23
7		25
7		27
7		29
7		31
7		39
7		47
7		50
7		51
7		52
7		56
7		62
7		64
7		68
7		69
7		70
7		71
7		73
7		77
7		80
7		86
7		91
7		96
7		97
7		98
7		99
7		100
7		125
7		132
7		134
7		135
7		140
7		141
7		143
7		144
7		145
7		152
7		157
7		164
7		173
7		175
7		178
7		179
7		180
7		186
7		187
7		192
7		194
7		197
7		198
7		199
7		201
7		202
7		204
7		211
7		213
7		214
7		215
7		216
7		217
7		219
7		229
7		230
7		231
7		234
7		237
7		238
7		258
7		265
7		275
7		286
7		294
7		309
7		317
7		318
7		324
7		341
7		356
7		357
7		365
7		367
7		379
7		380
7		384
7		386
7		387
7		391
7		402
7		403
7		405
7		415
7		416
7		417
7		419
7		421
7		427
7		429
7		433
7		434
7		436
7		440
7		441
7		443
7		444
7		446
7		447
7		449
7		452
7		463
7		465
7		470
7		474
7		487
7		488
7		499
8		11
8		55
8		82
8		96
8		174
8		177
8		181
8		187
8		195
8		222
8		227
8		228
8		229
8		233
8		241
8		243
8		259
8		260
8		273
8		336
8		341
8		358
8		403
8		431
8		435
9		7
9		50
9		201
9		242
9		276
9		294
9		371
9		385
9		402
9		483
10		9
10		11
10		12
10		23
10		32
10		33
10		40
10		50
10		59
10		60
10		69
10		70
10		82
10		85
10		93
10		116
10		129
10		134
10		137
10		153
10		157
10		161
10		162
10		170
10		174
10		178
10		179
10		180
10		182
10		185
10		192
10		197
10		198
10		205
10		211
10		216
10		221
10		230
10		238
10		245
10		273
10		274
10		276
10		286
10		302
10		319
10		333
10		334
10		357
10		404
10		414
10		430
10		432
10		462
10		467
10		470
10		478
10		479
10		480
10		482
10		484
10		499
11		8
11		11
11		15
11		24
11		25
11		28
11		29
11		39
11		42
11		52
11		54
11		56
11		57
11		58
11		69
11		70
11		79
11		83
11		86
11		88
11		98
11		107
11		121
11		123
11		125
11		168
11		173
11		176
11		180
11		196
11		208
11		211
11		213
11		222
11		228
11		229
11		237
11		238
11		239
11		258
11		259
11		274
11		286
11		290
11		301
11		317
11		318
11		324
11		332
11		356
11		357
11		365
11		367
11		370
11		372
11		382
11		386
11		393
11		399
11		401
11		405
11		414
11		423
11		427
11		430
11		431
11		433
11		434
11		449
11		451
12		4
12		69
12		88
12		98
12		127
12		133
12		159
12		161
12		168
12		170
12		174
12		195
12		202
12		203
12		215
12		216
12		228
12		238
12		242
12		328
12		392
12		416
12		480
13		1
13		4
13		5
13		7
13		8
13		9
13		12
13		13
13		17
13		22
13		23
13		28
13		32
13		33
13		37
13		38
13		39
13		49
13		50
13		51
13		53
13		58
13		60
13		62
13		67
13		68
13		69
13		70
13		78
13		79
13		82
13		83
13		86
13		87
13		89
13		91
13		92
13		95
13		96
13		99
13		110
13		111
13		116
13		117
13		127
13		128
13		132
13		135
13		138
13		141
13		143
13		145
13		152
13		155
13		157
13		158
13		160
13		163
13		164
13		165
13		166
13		170
13		172
13		174
13		175
13		176
13		177
13		179
13		182
13		183
13		184
13		187
13		188
13		191
13		193
13		194
13		197
13		199
13		200
13		202
13		204
13		205
13		209
13		211
13		216
13		218
13		222
13		223
13		224
13		225
13		227
13		228
13		231
13		233
13		234
13		235
13		237
13		239
13		241
13		242
13		260
13		262
13		264
13		274
13		275
13		279
13		280
13		285
13		286
13		288
13		292
13		299
13		306
13		307
13		310
13		311
13		313
13		316
13		321
13		322
13		323
13		326
13		327
13		328
13		329
13		332
13		336
13		339
13		342
13		346
13		347
13		348
13		350
13		355
13		357
13		358
13		362
13		367
13		370
13		371
13		382
13		393
13		394
13		398
13		400
13		401
13		403
13		404
13		406
13		410
13		411
13		413
13		417
13		419
13		424
13		427
13		429
13		430
13		432
13		433
13		435
13		438
13		439
13		441
13		442
13		444
13		445
13		446
13		448
13		453
13		455
13		462
13		463
13		471
13		473
13		474
13		475
13		478
13		484
13		485
13		491
13		492
13		494
13		497
14		12
14		19
14		25
14		32
14		81
14		96
14		124
14		127
14		173
14		186
14		191
14		195
14		210
14		222
14		238
14		240
14		265
14		276
14		288
14		302
14		319
14		382
14		427
14		428
14		430
14		473
15		13
15		14
15		15
15		50
15		111
15		118
15		121
15		125
15		181
15		220
15		225
15		235
15		237
15		243
15		248
15		249
15		251
15		252
15		255
15		257
15		258
15		269
15		275
15		280
15		282
15		283
15		285
15		291
15		292
15		297
15		302
15		303
15		306
15		308
15		310
15		322
15		323
15		328
15		333
15		409
15		455
15		472
16		1
16		4
16		11
16		12
16		15
16		33
16		39
16		58
16		66
16		71
16		79
16		87
16		95
16		98
16		100
16		109
16		125
16		127
16		135
16		143
16		152
16		158
16		172
16		180
16		199
16		200
16		202
16		204
16		208
16		216
16		227
16		234
16		237
16		240
16		273
16		282
16		286
16		302
16		321
16		367
16		385
16		404
16		410
16		423
16		427
16		448
16		467
16		469
16		476
16		480
16		498
17		7
17		100
17		111
17		117
17		126
17		137
17		150
17		221
17		222
17		243
17		269
17		276
17		286
17		294
17		323
17		471
17		475
18		4
18		6
18		8
18		9
18		15
18		22
18		23
18		28
18		32
18		42
18		45
18		48
18		50
18		52
18		56
18		59
18		60
18		61
18		65
18		66
18		72
18		79
18		81
18		83
18		88
18		91
18		94
18		95
18		98
18		100
18		111
18		116
18		125
18		127
18		132
18		133
18		134
18		137
18		142
18		143
18		153
18		157
18		165
18		166
18		168
18		172
18		174
18		175
18		177
18		178
18		187
18		189
18		197
18		198
18		200
18		204
18		208
18		210
18		211
18		212
18		213
18		216
18		221
18		223
18		236
18		238
18		242
18		269
18		283
18		284
18		285
18		287
18		317
18		319
18		357
18		378
18		381
18		382
18		386
18		392
18		402
18		403
18		404
18		411
18		414
18		416
18		418
18		419
18		425
18		427
18		430
18		434
18		435
18		461
18		474
18		476
18		478
18		480
18		482
18		486
18		489
18		492
18		493
19		8
19		202
19		210
19		211
19		268
19		288
19		294
19		319
19		325
20		15
20		22
20		50
20		82
20		94
20		143
20		148
20		151
20		174
20		181
20		204
20		210
20		243
20		274
20		323
20		357
20		378
20		423
20		496
20		498
21		1
21		5
21		7
21		9
21		15
21		17
21		50
21		53
21		123
21		127
21		145
21		185
21		200
21		201
21		240
21		243
21		244
21		259
21		260
21		261
21		262
21		263
21		264
21		273
21		281
21		286
21		289
21		300
21		301
21		321
21		322
21		323
21		330
21		358
21		379
21		406
21		408
21		413
21		436
21		437
21		438
21		443
21		444
21		453
22		2
22		4
22		17
22		21
22		24
22		50
22		53
22		62
22		68
22		85
22		89
22		94
22		105
22		109
22		127
22		144
22		161
22		163
22		167
22		174
22		175
22		181
22		184
22		187
22		201
22		202
22		209
22		210
22		211
22		216
22		228
22		229
22		231
22		233
22		250
22		265
22		290
22		367
22		384
22		385
22		405
22		430
22		431
22		449
22		451
23		7
23		8
23		14
23		19
23		55
23		56
23		59
23		62
23		73
23		79
23		82
23		89
23		91
23		95
23		96
23		100
23		102
23		116
23		124
23		131
23		132
23		134
23		144
23		145
23		151
23		153
23		154
23		155
23		156
23		161
23		162
23		171
23		173
23		174
23		175
23		176
23		181
23		185
23		194
23		195
23		202
23		203
23		204
23		211
23		214
23		216
23		217
23		224
23		227
23		230
23		234
23		235
23		250
23		275
23		283
23		294
23		367
23		386
23		387
23		408
23		414
23		418
23		423
23		432
23		433
23		449
23		451
23		472
23		479
24		7
24		8
24		11
24		12
24		41
24		55
24		58
24		69
24		71
24		79
24		92
24		97
24		98
24		127
24		132
24		151
24		173
24		176
24		180
24		200
24		223
24		237
24		238
24		249
24		276
24		288
24		289
24		300
24		324
24		357
24		402
24		421
24		486
25		1
25		7
25		23
25		79
25		82
25		86
25		98
25		116
25		121
25		125
25		131
25		133
25		134
25		141
25		143
25		173
25		176
25		177
25		183
25		186
25		195
25		204
25		265
25		404
25		408
25		419
25		430
25		463
25		474
25		479
25		495
26		1
26		14
26		24
26		50
26		109
26		111
26		116
26		118
26		121
26		122
26		126
26		129
26		148
26		151
26		181
26		222
26		246
26		248
26		249
26		250
26		252
26		271
26		274
26		276
26		282
26		283
26		284
26		288
26		291
26		293
26		298
26		300
26		302
26		304
26		313
26		316
26		323
26		328
26		369
26		405
26		413
26		456
26		458
26		471
26		475
27		9
27		50
27		118
27		123
27		148
27		244
27		286
27		288
28		5
28		11
28		28
28		31
28		56
28		96
28		117
28		164
28		176
28		185
28		195
28		196
28		200
28		219
28		227
28		229
28		230
28		286
28		288
28		322
28		323
28		332
28		429
28		434
28		443
28		444
28		447
28		448
28		449
29		12
29		79
29		180
29		182
29		264
29		268
29		286
29		300
29		303
29		306
29		312
29		326
29		480
30		2
30		29
30		50
30		69
30		135
30		161
30		164
30		172
30		174
30		242
30		252
30		257
30		258
30		259
30		304
30		313
30		315
30		319
30		321
30		403
31		32
31		136
31		153
31		175
31		192
31		262
31		268
31		271
31		299
31		303
31		306
31		319
31		328
31		340
31		490
32		7
32		9
32		50
32		111
32		181
32		222
32		240
32		248
32		268
32		271
32		288
32		298
32		307
32		313
32		405
32		408
32		455
32		475
33		245
33		260
33		271
33		288
33		294
33		300
33		323
33		329
33		339
33		348
34		288
34		289
34		292
34		294
34		324
35		258
35		261
35		264
35		266
35		300
35		321
35		326
35		327
35		328
35		333
35		358
36		261
36		288
36		289
36		333
36		358
37		7
37		27
37		50
37		62
37		68
37		82
37		89
37		92
37		96
37		118
37		121
37		127
37		147
37		172
37		174
37		210
37		226
37		230
37		231
37		233
37		273
37		385
37		405
37		472
38		35
38		69
38		70
38		78
38		84
38		97
38		105
38		112
38		127
38		144
38		155
38		162
38		185
38		188
38		195
38		200
38		202
38		243
38		247
38		259
38		288
38		294
38		313
38		326
38		356
38		395
38		400
38		401
38		402
38		405
38		406
38		409
38		410
38		411
38		413
38		418
38		420
38		433
38		445
38		447
38		451
38		452
39		269
39		270
39		272
39		288
39		294
39		301
39		302
39		307
39		313
39		319
39		339
40		242
40		245
40		259
40		269
40		270
40		272
40		286
40		300
40		302
40		305
40		310
40		316
40		321
40		328
40		337
40		343
40		346
40		358
41		50
41		56
41		58
41		96
41		97
41		135
41		152
41		156
41		168
41		173
41		175
41		180
41		188
41		191
41		194
41		195
41		196
41		202
41		205
41		216
41		238
41		276
41		318
41		357
41		414
41		430
41		474
42		1
42		2
42		15
42		38
42		43
42		50
42		54
42		58
42		64
42		66
42		71
42		73
42		83
42		86
42		87
42		97
42		103
42		111
42		125
42		132
42		135
42		136
42		141
42		151
42		161
42		168
42		173
42		174
42		175
42		181
42		202
42		203
42		219
42		227
42		228
42		229
42		237
42		239
42		273
42		282
42		283
42		284
42		290
42		294
42		318
42		369
42		371
42		385
42		387
42		402
42		411
42		419
42		427
42		433
42		443
42		462
42		467
42		468
42		469
42		471
42		491
43		3
43		4
43		8
43		9
43		12
43		25
43		28
43		58
43		69
43		70
43		73
43		79
43		82
43		86
43		88
43		97
43		100
43		102
43		111
43		121
43		122
43		123
43		124
43		127
43		131
43		133
43		140
43		143
43		144
43		168
43		169
43		172
43		174
43		186
43		189
43		196
43		202
43		208
43		211
43		217
43		222
43		226
43		231
43		248
43		250
43		254
43		257
43		258
43		269
43		274
43		276
43		277
43		278
43		280
43		283
43		290
43		291
43		294
43		301
43		312
43		313
43		317
43		347
43		354
43		367
43		385
43		408
43		411
43		418
43		421
43		473
43		479
43		482
43		491
43		496
44		1
44		7
44		22
44		24
44		25
44		31
44		50
44		64
44		67
44		69
44		71
44		81
44		87
44		89
44		90
44		97
44		98
44		99
44		100
44		102
44		109
44		121
44		132
44		133
44		135
44		143
44		144
44		151
44		157
44		159
44		163
44		172
44		173
44		175
44		181
44		183
44		190
44		194
44		196
44		197
44		198
44		200
44		201
44		211
44		222
44		231
44		249
44		260
44		298
44		307
44		313
44		318
44		328
44		380
44		405
44		419
44		423
44		427
44		429
44		432
44		447
44		448
44		450
44		480
44		496
45		7
45		13
45		24
45		50
45		111
45		151
45		181
45		225
45		257
45		278
45		282
45		284
45		288
45		411
46		50
46		93
46		100
46		125
46		245
46		262
46		286
46		300
46		305
46		332
47		258
47		262
47		269
47		286
47		288
47		289
47		301
47		303
47		304
47		305
47		307
47		322
47		327
48		56
48		98
48		136
48		183
48		185
48		191
48		193
48		194
48		209
48		215
48		243
48		269
48		289
48		294
48		302
48		323
48		357
48		428
48		479
48		480
48		483
48		496
49		2
49		4
49		8
49		12
49		13
49		25
49		42
49		50
49		54
49		57
49		62
49		71
49		77
49		80
49		82
49		85
49		90
49		91
49		93
49		96
49		98
49		99
49		121
49		145
49		147
49		154
49		159
49		161
49		171
49		174
49		181
49		182
49		200
49		208
49		209
49		217
49		218
49		225
49		235
49		239
49		240
49		256
49		262
49		270
49		283
49		287
49		289
49		300
49		301
49		320
49		324
49		328
49		358
49		367
49		372
49		382
49		396
49		403
49		404
49		419
49		420
49		428
49		432
49		433
49		455
49		465
49		475
49		477
50		15
50		100
50		124
50		268
50		276
50		288
50		319
50		324
50		327
51		50
51		83
51		134
51		136
51		144
51		172
51		173
51		181
51		184
51		203
51		210
51		479
52		7
52		13
52		19
52		22
52		25
52		100
52		107
52		111
52		117
52		121
52		126
52		151
52		191
52		204
52		237
52		258
52		277
52		282
52		285
52		288
52		302
52		318
52		333
52		463
52		471
52		473
53		7
53		15
53		25
53		50
53		64
53		96
53		118
53		121
53		151
53		156
53		257
53		284
54		1
54		7
54		24
54		25
54		100
54		117
54		148
54		151
54		181
54		240
54		245
54		250
54		252
54		255
54		272
54		288
54		291
54		295
54		307
54		328
54		338
54		340
54		346
54		405
54		471
55		7
55		22
55		50
55		79
55		117
55		118
55		121
55		174
55		181
56		11
56		22
56		28
56		42
56		50
56		53
56		62
56		66
56		67
56		78
56		87
56		88
56		89
56		97
56		111
56		114
56		117
56		144
56		151
56		153
56		154
56		158
56		161
56		167
56		173
56		176
56		183
56		191
56		193
56		200
56		204
56		210
56		225
56		226
56		227
56		229
56		232
56		233
56		234
56		237
56		238
56		265
56		280
56		281
56		295
56		298
56		300
56		323
56		373
56		376
56		385
56		386
56		393
56		395
56		399
56		403
56		405
56		408
56		410
56		421
56		423
56		441
56		443
56		473
56		483
57		1
57		8
57		11
57		15
57		24
57		42
57		50
57		64
57		105
57		109
57		111
57		117
57		121
57		125
57		126
57		144
57		168
57		181
57		194
57		195
57		240
57		245
57		249
57		257
57		258
57		284
57		288
57		295
57		318
57		323
57		405
57		471
57		472
57		473
57		475
57		477
57		496
58		1
58		7
58		11
58		12
58		25
58		56
58		70
58		98
58		111
58		116
58		121
58		124
58		127
58		134
58		135
58		137
58		151
58		153
58		168
58		169
58		171
58		172
58		174
58		175
58		176
58		181
58		185
58		189
58		191
58		199
58		200
58		203
58		209
58		210
58		213
58		223
58		238
58		249
58		255
58		269
58		300
58		310
58		313
58		354
58		367
58		405
58		433
58		462
58		463
58		474
58		491
58		496
58		497
59		1
59		3
59		4
59		9
59		11
59		15
59		22
59		24
59		28
59		30
59		32
59		42
59		44
59		51
59		52
59		53
59		55
59		56
59		58
59		59
59		60
59		61
59		64
59		68
59		69
59		73
59		79
59		81
59		83
59		86
59		87
59		89
59		90
59		91
59		96
59		97
59		99
59		106
59		111
59		116
59		123
59		129
59		133
59		135
59		137
59		143
59		147
59		149
59		151
59		161
59		168
59		174
59		176
59		179
59		180
59		181
59		182
59		184
59		185
59		187
59		190
59		191
59		193
59		194
59		197
59		198
59		199
59		201
59		205
59		210
59		211
59		212
59		216
59		219
59		220
59		226
59		228
59		232
59		234
59		237
59		240
59		243
59		265
59		273
59		276
59		277
59		284
59		285
59		288
59		290
59		313
59		321
59		357
59		369
59		371
59		380
59		392
59		393
59		402
59		403
59		404
59		410
59		416
59		423
59		425
59		430
59		432
59		434
59		435
59		436
59		443
59		451
59		458
59		462
59		465
59		466
59		472
59		474
59		477
59		479
59		480
59		483
59		484
59		489
59		491
59		492
59		498
60		7
60		8
60		9
60		12
60		15
60		23
60		30
60		50
60		59
60		69
60		70
60		73
60		89
60		95
60		96
60		97
60		121
60		128
60		131
60		133
60		134
60		135
60		136
60		141
60		144
60		153
60		160
60		166
60		168
60		173
60		174
60		175
60		181
60		185
60		195
60		204
60		205
60		209
60		210
60		211
60		212
60		215
60		225
60		227
60		228
60		229
60		230
60		237
60		265
60		275
60		286
60		327
60		357
60		366
60		378
60		385
60		393
60		404
60		405
60		411
60		418
60		419
60		423
60		429
60		433
60		434
60		435
60		445
60		479
60		482
60		483
60		484
60		491
60		494
60		496
61		258
61		269
61		271
61		294
61		300
61		301
61		304
61		310
61		327
61		333
62		1
62		7
62		9
62		13
62		15
62		22
62		44
62		50
62		53
62		56
62		62
62		64
62		69
62		70
62		71
62		72
62		76
62		81
62		82
62		83
62		91
62		97
62		98
62		116
62		117
62		127
62		128
62		129
62		134
62		144
62		151
62		159
62		167
62		170
62		171
62		172
62		174
62		188
62		190
62		191
62		195
62		196
62		199
62		204
62		207
62		210
62		215
62		217
62		222
62		230
62		237
62		238
62		241
62		245
62		250
62		252
62		271
62		273
62		275
62		276
62		283
62		285
62		290
62		357
62		380
62		387
62		402
62		403
62		405
62		431
62		436
62		451
62		455
62		463
62		466
62		472
62		474
62		483
63		1
63		3
63		10
63		14
63		15
63		25
63		79
63		108
63		121
63		137
63		181
63		224
63		257
63		258
63		259
63		262
63		269
63		276
63		282
63		283
63		284
63		285
63		286
63		287
63		294
63		302
63		321
63		322
63		325
63		333
63		405
63		473
63		475
63		480
64		10
64		11
64		22
64		28
64		31
64		32
64		48
64		50
64		79
64		81
64		82
64		87
64		89
64		91
64		97
64		98
64		101
64		111
64		121
64		127
64		132
64		135
64		141
64		143
64		144
64		153
64		162
64		168
64		172
64		174
64		179
64		182
64		183
64		184
64		185
64		186
64		188
64		190
64		191
64		194
64		195
64		196
64		197
64		203
64		209
64		210
64		218
64		227
64		228
64		234
64		235
64		237
64		241
64		258
64		265
64		269
64		271
64		273
64		275
64		288
64		300
64		310
64		313
64		326
64		340
64		347
64		356
64		384
64		389
64		405
64		419
64		423
64		425
64		431
64		434
64		435
64		436
64		463
64		475
64		480
64		496
65		1
65		9
65		15
65		25
65		28
65		50
65		63
65		64
65		65
65		66
65		69
65		73
65		77
65		87
65		88
65		98
65		111
65		168
65		178
65		179
65		185
65		194
65		215
65		237
65		238
65		255
65		258
65		294
65		356
65		365
65		378
65		392
65		393
65		402
65		423
65		471
65		476
66		9
66		24
66		50
66		121
66		127
66		237
66		248
66		257
66		282
66		284
66		286
66		294
66		295
66		300
66		405
67		24
67		25
67		105
67		117
67		125
67		235
67		273
67		412
68		9
68		25
68		111
68		121
68		127
68		181
68		258
68		275
68		276
68		286
68		409
68		458
68		475
69		7
69		42
69		50
69		79
69		98
69		117
69		123
69		124
69		172
69		181
69		182
69		197
69		222
69		234
69		235
69		236
69		237
69		245
69		246
69		265
69		273
69		282
69		288
69		289
69		294
69		298
69		302
69		307
69		334
69		475
70		1
70		8
70		15
70		24
70		28
70		63
70		79
70		83
70		88
70		91
70		94
70		95
70		99
70		101
70		132
70		135
70		142
70		143
70		150
70		161
70		168
70		172
70		173
70		174
70		175
70		181
70		183
70		204
70		208
70		214
70		222
70		225
70		227
70		229
70		230
70		231
70		257
70		264
70		289
70		300
70		313
70		343
70		380
70		393
70		403
70		404
70		405
70		408
70		411
70		418
70		429
70		449
70		450
70		451
70		473
70		483
70		496
71		6
71		14
71		52
71		64
71		98
71		100
71		153
71		168
71		174
71		175
71		177
71		181
71		197
71		248
71		257
71		282
71		286
71		302
71		357
71		429
72		1
72		2
72		5
72		7
72		9
72		15
72		23
72		25
72		50
72		56
72		58
72		69
72		77
72		81
72		97
72		98
72		106
72		118
72		134
72		147
72		170
72		174
72		187
72		188
72		191
72		194
72		197
72		198
72		212
72		215
72		220
72		222
72		228
72		229
72		233
72		237
72		241
72		271
72		318
72		380
72		402
72		403
72		405
72		443
72		461
72		466
72		471
72		476
72		493
73		1
73		32
73		59
73		64
73		82
73		96
73		129
73		135
73		152
73		153
73		154
73		171
73		175
73		179
73		183
73		187
73		188
73		197
73		213
73		246
73		255
73		268
73		269
73		272
73		285
73		289
73		382
73		433
74		7
74		13
74		245
74		258
74		268
74		276
74		294
74		300
74		302
74		307
74		313
74		315
74		328
74		331
74		340
74		351
74		354
74		358
75		1
75		13
75		25
75		56
75		79
75		111
75		114
75		117
75		123
75		129
75		196
75		220
75		222
75		225
75		235
75		289
75		294
75		301
75		304
75		322
75		323
75		405
75		408
75		413
75		427
75		460
75		473
75		477
76		6
76		7
76		24
76		42
76		56
76		60
76		70
76		77
76		93
76		96
76		129
76		137
76		156
76		172
76		182
76		192
76		203
76		216
76		223
76		264
76		270
76		293
76		318
76		324
76		343
76		358
77		1
77		15
77		25
77		28
77		31
77		42
77		56
77		96
77		97
77		98
77		121
77		127
77		132
77		133
77		134
77		154
77		156
77		173
77		175
77		183
77		191
77		192
77		199
77		201
77		209
77		215
77		222
77		228
77		246
77		250
77		252
77		268
77		455
78		25
78		93
78		237
78		257
78		288
78		294
78		301
78		327
78		411
78		476
79		1
79		10
79		19
79		93
79		116
79		222
79		236
79		257
79		258
79		268
79		275
79		276
79		283
79		285
79		306
79		311
79		319
79		333
79		340
80		64
80		79
80		86
80		100
80		154
80		205
80		213
80		237
80		260
80		303
80		483
81		1
81		25
81		42
81		79
81		100
81		111
81		116
81		121
81		150
81		186
81		210
81		237
81		269
81		275
81		276
81		283
81		284
81		288
81		289
81		405
81		456
81		475
82		1
82		3
82		7
82		9
82		21
82		22
82		28
82		50
82		71
82		79
82		81
82		87
82		97
82		99
82		100
82		111
82		112
82		118
82		121
82		125
82		133
82		134
82		168
82		169
82		170
82		175
82		181
82		197
82		211
82		212
82		228
82		230
82		235
82		237
82		238
82		241
82		274
82		283
82		284
82		286
82		288
82		304
82		318
82		326
82		338
82		367
82		409
82		412
82		418
82		424
82		430
82		432
82		435
82		456
82		462
82		473
82		474
82		475
82		483
82		484
82		496
83		2
83		4
83		15
83		25
83		31
83		38
83		50
83		56
83		64
83		66
83		69
83		70
83		71
83		79
83		88
83		111
83		121
83		127
83		151
83		161
83		174
83		191
83		196
83		204
83		225
83		233
83		235
83		240
83		243
83		245
83		248
83		249
83		259
83		274
83		298
83		300
83		319
83		322
83		356
83		371
83		393
83		406
83		409
83		411
83		477
83		479
84		1
84		4
84		15
84		25
84		70
84		79
84		87
84		95
84		98
84		100
84		111
84		117
84		203
84		225
84		245
84		258
84		273
84		274
84		276
84		282
84		286
84		294
84		300
84		317
84		318
84		408
84		411
84		466
84		477
84		486
85		9
85		10
85		14
85		23
85		27
85		28
85		30
85		42
85		50
85		52
85		57
85		64
85		65
85		69
85		79
85		82
85		87
85		99
85		100
85		121
85		132
85		134
85		135
85		136
85		141
85		143
85		150
85		152
85		153
85		161
85		162
85		168
85		170
85		172
85		173
85		174
85		180
85		181
85		182
85		186
85		188
85		190
85		191
85		193
85		194
85		195
85		196
85		197
85		204
85		205
85		210
85		221
85		222
85		229
85		230
85		231
85		232
85		238
85		246
85		258
85		270
85		281
85		284
85		291
85		301
85		310
85		313
85		316
85		319
85		325
85		328
85		333
85		345
85		357
85		378
85		385
85		393
85		405
85		412
85		416
85		419
85		423
85		428
85		432
85		435
85		447
85		458
85		462
85		465
85		474
85		476
85		478
85		481
85		482
85		483
85		485
85		495
85		496
86		242
86		259
86		269
86		270
86		304
86		326
86		328
86		338
87		13
87		21
87		22
87		27
87		38
87		47
87		48
87		49
87		50
87		56
87		62
87		66
87		72
87		80
87		89
87		94
87		100
87		111
87		121
87		127
87		128
87		132
87		134
87		144
87		152
87		153
87		158
87		167
87		172
87		174
87		179
87		180
87		181
87		188
87		194
87		195
87		199
87		202
87		204
87		216
87		222
87		228
87		230
87		232
87		235
87		252
87		273
87		281
87		297
87		321
87		323
87		372
87		396
87		405
87		410
87		414
87		423
87		427
87		433
87		435
87		449
87		451
87		472
87		476
87		477
87		496
88		286
88		300
88		308
88		311
88		313
88		319
88		326
88		354
89		1
89		7
89		13
89		15
89		25
89		49
89		50
89		66
89		86
89		88
89		100
89		107
89		111
89		137
89		173
89		181
89		187
89		202
89		222
89		235
89		236
89		237
89		240
89		269
89		275
89		301
89		321
89		402
89		405
89		451
89		475
90		8
90		10
90		18
90		19
90		20
90		23
90		26
90		52
90		56
90		57
90		59
90		60
90		64
90		65
90		69
90		70
90		89
90		97
90		117
90		126
90		127
90		133
90		134
90		135
90		136
90		137
90		141
90		151
90		153
90		154
90		156
90		162
90		170
90		171
90		174
90		175
90		192
90		193
90		194
90		196
90		198
90		208
90		209
90		211
90		212
90		215
90		216
90		218
90		220
90		221
90		223
90		234
90		242
90		268
90		270
90		273
90		275
90		276
90		285
90		286
90		300
90		302
90		303
90		306
90		310
90		316
90		317
90		322
90		340
90		356
90		385
90		387
90		402
90		427
90		430
90		443
90		447
90		454
90		462
90		464
90		474
90		479
90		480
90		481
90		482
90		485
90		488
90		490
90		491
90		493
90		496
90		497
90		498
91		22
91		31
91		50
91		56
91		69
91		79
91		98
91		127
91		132
91		135
91		136
91		143
91		176
91		182
91		183
91		187
91		192
91		204
91		205
91		210
91		211
91		294
91		300
91		328
91		333
91		343
91		389
91		418
91		429
91		474
91		483
91		495
91		498
92		1
92		4
92		5
92		7
92		8
92		9
92		12
92		13
92		25
92		29
92		38
92		39
92		40
92		44
92		47
92		49
92		50
92		51
92		54
92		55
92		56
92		58
92		63
92		64
92		65
92		68
92		69
92		71
92		72
92		78
92		80
92		82
92		91
92		92
92		95
92		100
92		108
92		111
92		116
92		117
92		118
92		120
92		122
92		125
92		143
92		145
92		147
92		149
92		153
92		155
92		156
92		157
92		160
92		167
92		169
92		171
92		174
92		179
92		182
92		186
92		193
92		195
92		198
92		199
92		200
92		202
92		204
92		208
92		210
92		212
92		217
92		218
92		222
92		225
92		227
92		228
92		230
92		231
92		233
92		234
92		235
92		237
92		239
92		240
92		243
92		245
92		246
92		250
92		257
92		258
92		260
92		265
92		268
92		271
92		274
92		282
92		284
92		294
92		304
92		307
92		322
92		356
92		363
92		364
92		368
92		369
92		370
92		382
92		383
92		385
92		396
92		401
92		402
92		405
92		406
92		408
92		409
92		411
92		418
92		421
92		425
92		428
92		432
92		433
92		436
92		449
92		450
92		451
92		452
92		456
92		466
92		474
93		1
93		14
93		118
93		121
93		151
93		276
93		283
94		4
94		7
94		11
94		22
94		25
94		29
94		32
94		41
94		42
94		47
94		49
94		51
94		53
94		54
94		56
94		66
94		67
94		69
94		71
94		72
94		77
94		80
94		81
94		83
94		86
94		90
94		91
94		93
94		94
94		97
94		98
94		111
94		121
94		125
94		127
94		132
94		134
94		142
94		143
94		151
94		154
94		159
94		160
94		164
94		172
94		173
94		176
94		177
94		179
94		181
94		182
94		183
94		187
94		188
94		190
94		191
94		192
94		194
94		195
94		196
94		200
94		201
94		204
94		208
94		209
94		210
94		215
94		219
94		225
94		226
94		228
94		230
94		233
94		238
94		245
94		248
94		250
94		260
94		268
94		274
94		281
94		286
94		293
94		302
94		317
94		318
94		328
94		338
94		355
94		356
94		357
94		365
94		367
94		368
94		369
94		372
94		381
94		386
94		391
94		392
94		399
94		401
94		403
94		404
94		411
94		412
94		417
94		418
94		419
94		423
94		432
94		433
94		435
94		436
94		451
94		464
94		465
94		469
94		474
94		475
94		477
94		484
95		8
95		22
95		25
95		28
95		31
95		49
95		50
95		51
95		52
95		58
95		62
95		63
95		65
95		67
95		70
95		71
95		72
95		73
95		77
95		78
95		82
95		89
95		91
95		94
95		95
95		97
95		98
95		99
95		102
95		110
95		121
95		127
95		133
95		139
95		140
95		141
95		144
95		153
95		168
95		170
95		175
95		177
95		179
95		180
95		182
95		183
95		186
95		188
95		190
95		193
95		194
95		195
95		196
95		197
95		198
95		199
95		200
95		203
95		205
95		207
95		208
95		209
95		210
95		215
95		216
95		219
95		227
95		228
95		234
95		237
95		238
95		250
95		257
95		274
95		275
95		282
95		290
95		294
95		356
95		381
95		386
95		389
95		391
95		392
95		398
95		399
95		405
95		415
95		419
95		420
95		423
95		431
95		433
95		436
95		447
95		448
95		449
95		450
95		451
95		462
95		463
95		465
95		472
95		473
95		485
95		491
95		495
96		7
96		42
96		56
96		83
96		89
96		98
96		127
96		144
96		174
96		181
96		182
96		183
96		185
96		187
96		190
96		194
96		195
96		196
96		200
96		216
96		234
96		238
96		265
96		318
96		423
96		445
96		486
97		1
97		23
97		69
97		82
97		83
97		96
97		100
97		132
97		133
97		135
97		153
97		169
97		172
97		173
97		175
97		183
97		186
97		189
97		191
97		193
97		195
97		197
97		204
97		205
97		208
97		408
97		423
97		431
97		434
97		496
98		25
98		88
98		152
98		168
98		194
98		210
98		211
98		322
98		428
98		435
99		1
99		22
99		25
99		28
99		64
99		92
99		98
99		105
99		116
99		117
99		120
99		121
99		125
99		147
99		172
99		173
99		174
99		201
99		210
99		238
99		240
99		275
99		276
99		282
99		290
99		294
99		300
99		310
99		313
99		315
99		326
99		329
99		332
99		342
99		345
99		348
99		358
99		367
99		405
99		433
99		456
99		471
99		473
99		475
100		258
100		269
100		270
100		271
100		272
100		286
100		294
100		300
100		310
100		315
100		326
100		328
100		346
100		347
100		349
101		1
101		7
101		111
101		117
101		125
101		147
101		151
101		181
101		225
101		255
101		257
101		278
101		280
101		288
101		370
101		411
101		412
101		472
102		1
102		2
102		4
102		7
102		11
102		13
102		29
102		38
102		49
102		53
102		55
102		56
102		68
102		72
102		73
102		82
102		88
102		91
102		95
102		117
102		127
102		153
102		154
102		168
102		172
102		174
102		175
102		182
102		185
102		187
102		188
102		194
102		200
102		201
102		204
102		210
102		211
102		218
102		219
102		226
102		227
102		228
102		229
102		230
102		231
102		234
102		235
102		241
102		245
102		258
102		260
102		265
102		269
102		272
102		273
102		288
102		294
102		301
102		316
102		319
102		327
102		328
102		332
102		334
102		338
102		373
102		384
102		386
102		396
102		409
102		411
102		431
102		435
102		436
102		447
102		449
102		450
102		476
103		56
103		98
103		118
103		181
103		204
103		211
103		250
103		252
103		255
103		257
103		294
103		301
103		405
103		487
104		3
104		9
104		10
104		13
104		15
104		50
104		111
104		121
104		124
104		126
104		127
104		130
104		181
104		222
104		237
104		246
104		250
104		255
104		257
104		258
104		268
104		270
104		271
104		272
104		273
104		276
104		286
104		289
104		290
104		294
104		302
104		307
104		310
104		311
104		313
104		316
104		328
104		330
104		332
104		333
104		340
104		345
104		405
104		407
104		456
104		471
105		264
105		269
105		270
105		271
105		288
105		302
105		313
105		324
105		327
105		340
105		343
105		347
106		9
106		12
106		14
106		25
106		28
106		59
106		70
106		82
106		100
106		161
106		162
106		191
106		210
106		211
106		216
106		244
106		274
106		275
106		280
106		318
106		463
106		495
107		259
107		264
107		268
107		286
107		288
107		312
107		313
107		322
107		323
107		325
107		327
108		1
108		7
108		124
108		127
108		222
108		252
108		255
108		281
108		284
108		294
108		304
108		319
108		405
109		11
109		12
109		15
109		17
109		22
109		25
109		28
109		29
109		50
109		53
109		54
109		55
109		56
109		63
109		64
109		67
109		70
109		71
109		72
109		77
109		79
109		81
109		82
109		88
109		95
109		98
109		111
109		118
109		122
109		125
109		144
109		151
109		156
109		161
109		164
109		168
109		173
109		174
109		175
109		177
109		179
109		180
109		181
109		186
109		191
109		202
109		209
109		210
109		211
109		216
109		222
109		226
109		227
109		228
109		229
109		231
109		233
109		234
109		238
109		239
109		250
109		257
109		265
109		282
109		288
109		317
109		323
109		332
109		358
109		365
109		367
109		373
109		385
109		386
109		391
109		395
109		403
109		405
109		410
109		411
109		413
109		425
109		431
109		449
109		451
109		452
109		476
110		2
110		12
110		29
110		31
110		33
110		41
110		43
110		54
110		55
110		56
110		63
110		64
110		67
110		69
110		88
110		94
110		96
110		161
110		173
110		184
110		196
110		215
110		226
110		230
110		231
110		238
110		258
110		272
110		288
110		294
110		313
110		315
110		325
110		326
110		333
110		338
110		340
110		364
110		366
110		376
110		385
110		393
110		397
110		401
110		402
110		403
110		421
110		451
110		468
111		258
111		286
111		302
111		303
111		304
111		305
111		307
111		311
111		315
111		321
111		344
111		354
112		245
112		258
112		269
112		272
112		294
112		301
112		310
112		313
112		315
112		321
112		323
112		328
112		332
112		333
112		339
112		346
113		7
113		9
113		50
113		116
113		124
113		127
113		222
113		237
113		245
113		255
113		257
113		258
113		268
113		273
113		288
113		289
113		292
113		299
113		300
113		303
113		323
113		325
113		328
113		333
113		424
114		56
114		89
114		98
114		135
114		153
114		156
114		168
114		171
114		172
114		176
114		180
114		197
114		200
114		224
114		318
114		357
114		474
114		483
114		485
115		4
115		7
115		13
115		23
115		33
115		48
115		56
115		79
115		83
115		96
115		98
115		100
115		117
115		121
115		124
115		137
115		174
115		176
115		177
115		183
115		185
115		192
115		218
115		229
115		237
115		240
115		273
115		279
115		282
115		284
115		302
115		317
115		357
115		479
116		11
116		20
116		47
116		50
116		56
116		116
116		124
116		127
116		145
116		181
116		191
116		193
116		203
116		221
116		246
116		249
116		252
116		253
116		258
116		268
116		269
116		270
116		272
116		275
116		285
116		288
116		289
116		292
116		295
116		297
116		298
116		300
116		302
116		303
116		304
116		306
116		307
116		310
116		311
116		315
116		323
116		324
116		325
116		326
116		328
116		333
116		340
116		343
116		346
116		349
116		355
116		358
116		390
116		479
117		7
117		11
117		33
117		96
117		122
117		132
117		144
117		156
117		164
117		172
117		173
117		179
117		184
117		210
117		237
117		249
117		252
117		265
117		271
117		282
117		406
117		410
117		423
117		475
118		5
118		7
118		53
118		55
118		56
118		79
118		98
118		100
118		132
118		135
118		171
118		172
118		175
118		179
118		180
118		188
118		201
118		210
118		223
118		234
118		258
118		288
118		317
118		320
118		396
118		413
118		427
119		7
119		9
119		11
119		22
119		23
119		25
119		28
119		31
119		50
119		52
119		56
119		64
119		70
119		82
119		89
119		93
119		96
119		121
119		124
119		125
119		132
119		137
119		168
119		172
119		181
119		194
119		196
119		204
119		210
119		226
119		252
119		255
119		257
119		258
119		259
119		271
119		276
119		277
119		286
119		287
119		288
119		294
119		298
119		299
119		300
119		301
119		315
119		316
119		323
119		329
119		332
119		340
119		348
119		349
119		354
119		405
119		410
119		412
119		449
119		458
119		459
119		471
119		473
119		475
119		492
120		1
120		15
120		50
120		117
120		118
120		121
120		127
120		237
120		258
121		1
121		11
121		12
121		25
121		50
121		83
121		100
121		118
121		124
121		127
121		135
121		156
121		165
121		172
121		197
121		237
121		250
121		257
121		276
121		282
121		292
121		298
121		300
121		313
121		315
121		318
121		347
121		357
121		411
121		427
121		458
121		472
121		479
122		11
122		28
122		57
122		69
122		83
122		86
122		127
122		135
122		180
122		190
122		193
122		197
122		239
122		269
122		357
122		403
122		429
122		469
123		9
123		14
123		23
123		64
123		98
123		100
123		134
123		182
123		185
123		187
123		197
123		242
123		276
123		286
123		288
123		289
123		294
123		319
123		321
123		432
123		435
123		462
123		479
123		483
124		1
124		7
124		28
124		98
124		117
124		144
124		154
124		168
124		172
124		173
124		174
124		195
124		209
124		474
125		8
125		21
125		41
125		49
125		56
125		66
125		67
125		70
125		72
125		79
125		82
125		85
125		90
125		95
125		105
125		109
125		111
125		117
125		122
125		144
125		153
125		168
125		172
125		176
125		181
125		186
125		191
125		195
125		201
125		202
125		205
125		209
125		210
125		211
125		216
125		222
125		243
125		258
125		269
125		289
125		294
125		300
125		323
125		340
125		364
125		367
125		369
125		372
125		376
125		388
125		393
125		395
125		399
125		401
125		412
125		427
125		430
125		435
125		451
125		455
125		474
125		482
126		266
126		272
126		286
126		300
126		303
126		310
126		311
126		315
126		316
126		326
126		328
126		333
126		337
126		340
126		344
126		346
126		350
126		353
127		50
127		62
127		222
127		228
127		230
127		258
127		271
127		343
128		25
128		26
128		28
128		66
128		69
128		70
128		71
128		73
128		82
128		88
128		117
128		121
128		131
128		132
128		133
128		159
128		161
128		168
128		172
128		174
128		179
128		180
128		181
128		186
128		191
128		193
128		196
128		197
128		202
128		218
128		220
128		222
128		223
128		229
128		245
128		258
128		268
128		274
128		275
128		319
128		328
128		340
128		367
128		380
128		381
128		387
128		392
128		393
128		404
128		405
128		416
128		419
128		432
128		433
128		451
128		458
128		462
128		465
128		468
128		471
128		478
128		483
128		487
128		490
128		496
128		497
128		499
129		242
129		286
129		300
129		302
129		304
129		310
129		311
129		323
130		1
130		2
130		5
130		7
130		11
130		17
130		24
130		27
130		29
130		31
130		38
130		42
130		54
130		62
130		64
130		65
130		67
130		77
130		79
130		82
130		88
130		89
130		93
130		95
130		96
130		98
130		100
130		117
130		118
130		121
130		123
130		132
130		144
130		156
130		159
130		179
130		181
130		185
130		188
130		196
130		203
130		215
130		219
130		227
130		233
130		235
130		236
130		237
130		239
130		246
130		248
130		249
130		250
130		252
130		257
130		258
130		261
130		262
130		269
130		272
130		289
130		290
130		291
130		293
130		294
130		299
130		300
130		305
130		313
130		315
130		321
130		326
130		328
130		329
130		330
130		342
130		343
130		347
130		350
130		354
130		355
130		373
130		389
130		392
130		398
130		403
130		404
130		407
130		411
130		412
130		419
130		420
130		423
130		426
130		427
130		436
130		444
130		449
130		450
130		452
130		453
130		455
130		465
130		469
130		470
130		471
130		472
130		475
130		477
131		9
131		124
131		127
131		137
131		242
131		248
131		251
131		269
131		276
131		287
131		293
131		297
132		12
132		50
132		56
132		100
132		127
132		151
132		175
132		251
132		285
132		286
132		484
133		243
133		245
133		269
133		271
133		272
133		286
133		300
133		306
133		308
133		313
133		316
133		343
133		346
133		355
134		1
134		269
134		294
134		301
134		302
134		315
134		316
134		326
134		328
134		338
135		5
135		38
135		55
135		56
135		98
135		173
135		203
135		226
135		230
135		234
135		260
135		288
135		321
135		324
135		327
135		452
135		470
136		9
136		15
136		116
136		124
136		127
136		137
136		204
136		237
136		257
136		258
136		269
136		275
136		283
136		286
136		303
136		318
136		475
137		1
137		79
137		89
137		96
137		118
137		121
137		174
137		181
137		210
137		243
137		260
137		289
137		385
137		405
137		411
137		476
138		1
138		12
138		13
138		14
138		15
138		45
138		56
138		117
138		133
138		137
138		147
138		182
138		187
138		194
138		209
138		222
138		435
138		474
138		487
138		497
139		100
139		150
139		237
139		242
139		288
139		296
139		297
139		302
139		460
139		475
140		245
140		286
140		288
140		294
140		302
140		303
140		304
140		321
141		7
141		15
141		25
141		100
141		118
141		121
141		126
141		127
141		147
141		181
141		235
141		244
141		248
141		249
141		250
141		255
141		257
141		259
141		261
141		276
141		279
141		282
141		284
141		286
141		291
141		292
141		293
141		294
141		298
141		313
141		323
141		330
141		333
141		335
141		346
141		407
141		409
142		7
142		42
142		91
142		124
142		134
142		147
142		176
142		186
142		259
142		268
142		294
142		315
142		322
142		333
142		338
142		346
142		408
142		425
142		463
143		258
143		271
143		272
143		286
143		288
143		294
143		307
143		313
143		315
143		322
143		323
143		326
143		333
144		1
144		4
144		7
144		8
144		9
144		12
144		14
144		15
144		20
144		24
144		48
144		54
144		55
144		56
144		58
144		59
144		61
144		68
144		69
144		70
144		72
144		87
144		98
144		100
144		116
144		117
144		124
144		126
144		127
144		135
144		137
144		144
144		147
144		170
144		173
144		174
144		183
144		187
144		196
144		198
144		212
144		213
144		215
144		223
144		234
144		235
144		242
144		244
144		248
144		251
144		257
144		258
144		262
144		271
144		276
144		280
144		281
144		282
144		284
144		288
144		294
144		307
144		316
144		318
144		319
144		326
144		327
144		333
144		343
144		357
144		405
144		411
144		423
144		435
144		455
144		466
144		470
144		474
144		475
144		476
144		478
145		9
145		11
145		12
145		17
145		23
145		31
145		49
145		53
145		54
145		55
145		59
145		62
145		64
145		66
145		77
145		88
145		89
145		96
145		97
145		98
145		106
145		111
145		117
145		118
145		121
145		123
145		134
145		135
145		150
145		155
145		156
145		164
145		173
145		176
145		181
145		202
145		209
145		218
145		219
145		222
145		226
145		227
145		228
145		234
145		235
145		236
145		240
145		242
145		246
145		249
145		257
145		259
145		268
145		269
145		271
145		274
145		276
145		282
145		284
145		293
145		294
145		300
145		308
145		310
145		312
145		313
145		316
145		328
145		329
145		331
145		333
145		338
145		342
145		343
145		347
145		352
145		354
145		356
145		358
145		363
145		379
145		380
145		394
145		405
145		407
145		410
145		412
145		436
145		447
145		449
145		450
145		452
145		454
145		486
146		245
146		258
146		269
146		271
146		272
146		286
146		294
146		301
146		311
146		315
146		319
146		327
146		328
146		331
146		336
146		340
146		342
146		345
147		270
147		286
147		301
147		302
147		304
147		313
147		319
148		8
148		50
148		56
148		69
148		89
148		127
148		132
148		133
148		135
148		151
148		164
148		168
148		173
148		174
148		175
148		181
148		189
148		190
148		191
148		194
148		209
148		222
148		227
148		234
148		238
148		418
148		432
148		474
148		496
149		245
149		258
149		262
149		268
149		272
149		286
149		300
149		302
149		303
149		311
149		313
149		323
149		325
149		326
149		328
149		333
149		337
149		338
149		340
149		345
149		346
150		14
150		123
150		124
150		150
150		151
150		276
150		288
150		291
150		319
150		324
151		1
151		4
151		9
151		14
151		26
151		28
151		31
151		33
151		44
151		50
151		52
151		56
151		69
151		70
151		73
151		81
151		82
151		86
151		88
151		93
151		97
151		98
151		111
151		118
151		124
151		125
151		131
151		132
151		133
151		134
151		135
151		136
151		137
151		143
151		147
151		151
151		152
151		154
151		168
151		170
151		171
151		173
151		174
151		178
151		181
151		185
151		190
151		194
151		195
151		198
151		199
151		202
151		204
151		208
151		209
151		211
151		215
151		216
151		222
151		230
151		238
151		258
151		265
151		275
151		277
151		286
151		290
151		301
151		302
151		371
151		378
151		380
151		381
151		382
151		385
151		408
151		418
151		423
151		427
151		430
151		436
151		443
151		448
151		462
151		463
151		466
151		469
151		470
151		473
151		474
151		476
151		483
151		487
151		488
151		491
151		492
151		496
151		497
151		498
151		499
152		8
152		15
152		21
152		33
152		49
152		66
152		69
152		71
152		88
152		117
152		120
152		121
152		133
152		143
152		153
152		155
152		161
152		173
152		215
152		234
152		237
152		274
152		275
152		278
152		280
152		283
152		284
152		294
152		319
152		354
152		364
152		367
152		371
152		393
152		401
152		402
152		410
152		411
152		423
152		451
152		487
153		50
153		79
153		172
153		181
153		182
153		187
153		258
153		265
153		294
153		322
153		325
153		357
154		61
154		152
154		172
154		174
154		185
154		187
154		191
154		197
154		200
154		211
154		222
154		238
154		258
154		288
154		324
154		474
154		475
154		482
154		496
155		245
155		288
155		300
155		306
155		322
155		326
155		327
155		331
155		332
156		9
156		77
156		83
156		86
156		100
156		157
156		178
156		187
156		357
156		480
157		50
157		100
157		111
157		117
157		118
157		120
157		235
157		244
157		255
157		258
157		269
157		276
157		286
157		289
157		290
157		313
157		340
157		410
157		475
157		476
158		4
158		7
158		10
158		20
158		22
158		29
158		39
158		53
158		55
158		56
158		70
158		83
158		89
158		92
158		96
158		107
158		111
158		118
158		120
158		121
158		123
158		125
158		129
158		161
158		168
158		173
158		174
158		175
158		181
158		187
158		188
158		194
158		195
158		202
158		208
158		209
158		210
158		217
158		221
158		226
158		227
158		230
158		231
158		232
158		233
158		238
158		250
158		252
158		275
158		283
158		284
158		285
158		290
158		293
158		294
158		298
158		302
158		325
158		367
158		385
158		399
158		408
158		430
158		431
158		449
158		450
158		455
158		471
159		7
159		9
159		15
159		24
159		25
159		67
159		72
159		96
159		118
159		125
159		126
159		130
159		195
159		243
159		250
159		254
159		255
159		260
159		272
159		273
159		274
159		276
159		288
159		291
159		293
159		294
159		298
159		299
159		301
159		319
159		322
159		326
159		333
159		358
159		364
159		405
159		456
159		476
160		9
160		11
160		13
160		15
160		55
160		59
160		61
160		100
160		127
160		129
160		150
160		151
160		153
160		157
160		168
160		169
160		182
160		185
160		192
160		195
160		201
160		202
160		211
160		213
160		237
160		240
160		248
160		250
160		273
160		276
160		282
160		285
160		288
160		293
160		302
160		325
160		405
160		408
160		410
160		455
160		458
160		461
160		474
160		483
160		488
160		497
161		15
161		22
161		50
161		69
161		70
161		100
161		118
161		132
161		133
161		177
161		181
161		186
161		194
161		197
161		204
161		210
161		225
161		257
161		265
161		272
161		284
161		309
161		315
161		316
161		428
161		435
161		473
161		483
161		486
161		487
161		496
162		1
162		7
162		11
162		28
162		55
162		79
162		105
162		122
162		144
162		147
162		179
162		208
162		237
162		294
162		358
162		403
162		474
163		28
163		202
163		258
163		269
163		272
163		300
163		301
163		305
163		316
163		326
163		357
163		433
164		9
164		100
164		222
164		248
164		252
164		258
164		282
164		291
164		293
164		298
164		307
164		326
164		328
164		329
164		342
164		370
164		405
164		407
164		411
164		471
164		472
165		15
165		127
165		156
165		169
165		174
165		176
165		187
165		202
165		222
165		223
165		260
165		270
165		318
165		326
165		328
165		432
166		243
166		286
166		294
166		313
166		315
166		347
167		8
167		83
167		86
167		96
167		99
167		137
167		184
167		216
167		225
167		237
167		238
167		240
167		241
167		288
167		318
167		435
167		465
167		478
167		493
168		1
168		9
168		118
168		121
168		125
168		126
168		181
168		225
168		252
168		273
168		275
168		276
168		280
168		291
168		294
168		300
168		313
168		325
168		405
168		458
168		473
169		50
169		134
169		199
169		204
169		211
169		213
169		243
169		258
169		300
169		321
169		331
169		443
169		480
169		482
169		483
169		495
169		498
169		499
170		258
170		259
170		288
170		294
170		300
170		304
170		322
170		323
170		326
170		348
171		258
171		262
171		269
171		270
171		272
171		286
171		288
171		303
171		304
171		305
171		310
171		315
171		326
171		340
171		346
171		354
172		23
172		124
172		425
172		428
172		463
173		245
173		258
173		259
173		262
173		269
173		299
173		301
173		302
173		303
173		305
173		306
173		319
173		321
173		324
173		326
173		327
173		329
173		331
173		332
173		334
174		1
174		9
174		11
174		12
174		15
174		31
174		50
174		65
174		69
174		70
174		87
174		88
174		98
174		99
174		100
174		111
174		125
174		126
174		132
174		139
174		140
174		143
174		147
174		151
174		155
174		158
174		167
174		168
174		178
174		202
174		210
174		215
174		221
174		238
174		239
174		240
174		244
174		246
174		269
174		278
174		280
174		284
174		286
174		323
174		340
174		364
174		371
174		381
174		384
174		386
174		388
174		401
174		407
174		417
174		433
174		451
175		11
175		12
175		50
175		64
175		88
175		98
175		100
175		111
175		133
175		136
175		147
175		172
175		186
175		187
175		193
175		195
175		234
175		273
175		419
176		7
176		25
176		93
176		111
176		117
176		129
176		150
176		151
176		181
176		222
176		237
176		246
176		257
176		262
176		268
176		273
176		285
176		286
176		289
176		293
176		298
176		319
176		321
176		325
176		328
176		340
176		343
176		345
176		347
176		405
176		458
176		475
177		7
177		11
177		12
177		23
177		42
177		50
177		55
177		60
177		64
177		92
177		96
177		98
177		121
177		127
177		129
177		135
177		144
177		153
177		154
177		156
177		160
177		161
177		173
177		174
177		176
177		181
177		183
177		186
177		187
177		200
177		204
177		210
177		216
177		217
177		221
177		223
177		238
177		258
177		268
177		288
177		292
177		302
177		307
177		322
177		324
177		327
177		340
177		343
177		358
177		421
177		469
178		1
178		2
178		7
178		9
178		11
178		12
178		24
178		31
178		38
178		50
178		51
178		56
178		62
178		64
178		66
178		69
178		77
178		79
178		82
178		87
178		90
178		92
178		95
178		97
178		100
178		111
178		118
178		123
178		124
178		127
178		133
178		143
178		144
178		147
178		153
178		155
178		156
178		157
178		161
178		164
178		168
178		172
178		173
178		174
178		176
178		180
178		184
178		194
178		197
178		200
178		202
178		203
178		215
178		219
178		220
178		222
178		223
178		226
178		229
178		230
178		232
178		233
178		235
178		237
178		238
178		246
178		249
178		260
178		265
178		268
178		269
178		274
178		280
178		281
178		283
178		293
178		295
178		298
178		300
178		304
178		313
178		316
178		318
178		319
178		322
178		328
178		331
178		333
178		339
178		340
178		354
178		405
178		410
178		423
178		435
178		460
178		469
178		471
178		472
178		476
178		483
178		484
179		271
179		288
179		300
179		302
179		307
179		313
179		321
179		333
179		340
179		347
179		353
179		362
180		12
180		40
180		53
180		98
180		153
180		181
180		186
180		191
180		196
180		201
180		222
180		235
180		258
180		318
180		356
180		367
180		372
180		380
180		469
181		6
181		15
181		18
181		19
181		24
181		93
181		100
181		104
181		105
181		106
181		107
181		108
181		109
181		111
181		116
181		117
181		118
181		120
181		122
181		126
181		129
181		130
181		137
181		151
181		222
181		224
181		235
181		236
181		237
181		242
181		245
181		259
181		263
181		270
181		273
181		274
181		275
181		280
181		281
181		282
181		285
181		287
181		289
181		290
181		291
181		292
181		294
181		299
181		300
181		303
181		305
181		307
181		322
181		323
181		326
181		331
181		332
181		333
181		336
181		358
181		360
181		363
181		370
181		407
181		409
181		410
181		411
181		412
181		413
181		455
181		456
181		460
181		471
181		473
181		475
181		476
181		477
182		1
182		15
182		48
182		50
182		111
182		126
182		150
182		178
182		181
182		191
182		203
182		257
182		479
183		50
183		55
183		62
183		77
183		94
183		121
183		144
183		176
183		177
183		181
183		202
183		210
183		212
183		216
183		226
183		228
183		229
183		230
183		258
183		274
183		356
183		375
183		380
183		431
183		449
184		1
184		7
184		20
184		25
184		29
184		40
184		44
184		50
184		51
184		56
184		65
184		66
184		79
184		82
184		93
184		95
184		97
184		117
184		118
184		121
184		127
184		134
184		160
184		165
184		166
184		170
184		175
184		176
184		182
184		183
184		185
184		192
184		197
184		203
184		210
184		212
184		213
184		215
184		216
184		220
184		221
184		223
184		235
184		238
184		241
184		262
184		272
184		274
184		276
184		283
184		285
184		301
184		313
184		317
184		318
184		340
184		357
184		368
184		371
184		372
184		378
184		381
184		387
184		393
184		396
184		399
184		401
184		402
184		403
184		411
184		428
184		443
184		451
184		473
184		476
184		480
184		483
184		485
184		487
184		488
184		492
184		496
185		9
185		25
185		47
185		50
185		111
185		116
185		160
185		178
185		181
185		205
185		239
185		258
185		276
185		286
185		302
185		321
185		423
185		480
186		12
186		38
186		55
186		56
186		77
186		79
186		98
186		106
186		121
186		147
186		159
186		177
186		203
186		243
186		258
186		269
186		291
186		294
186		295
186		298
186		303
186		306
186		330
186		331
186		332
186		356
186		405
186		477
187		8
187		23
187		52
187		65
187		69
187		83
187		97
187		134
187		137
187		168
187		173
187		179
187		186
187		197
187		204
187		209
187		213
187		214
187		216
187		241
187		300
187		423
187		428
187		435
187		462
188		5
188		11
188		22
188		28
188		50
188		54
188		64
188		76
188		97
188		100
188		118
188		121
188		144
188		151
188		153
188		157
188		162
188		174
188		176
188		177
188		180
188		187
188		194
188		199
188		226
188		259
188		265
188		281
188		288
188		294
188		300
188		318
188		356
188		455
188		462
188		468
188		470
188		483
188		484
188		498
189		4
189		7
189		8
189		10
189		13
189		14
189		24
189		28
189		44
189		50
189		59
189		61
189		83
189		89
189		97
189		99
189		105
189		118
189		124
189		131
189		132
189		133
189		136
189		137
189		150
189		151
189		157
189		162
189		165
189		166
189		170
189		172
189		175
189		178
189		179
189		180
189		181
189		185
189		186
189		191
189		196
189		198
189		199
189		204
189		207
189		209
189		214
189		238
189		241
189		246
189		255
189		283
189		297
189		313
189		317
189		318
189		378
189		405
189		418
189		423
189		433
189		459
189		473
189		485
189		486
189		487
189		489
189		492
189		498
189		499
190		7
190		9
190		15
190		24
190		100
190		121
190		125
190		148
190		237
190		245
190		258
190		272
190		273
190		276
190		281
190		288
190		310
190		313
190		326
190		327
190		328
190		354
190		471
191		300
191		315
191		316
191		331
191		339
191		340
191		345
192		7
192		9
192		25
192		50
192		100
192		108
192		111
192		118
192		121
192		125
192		235
192		255
192		269
192		284
192		287
192		289
193		1
193		23
193		24
193		25
193		38
193		69
193		72
193		73
193		79
193		82
193		94
193		121
193		122
193		153
193		159
193		161
193		177
193		182
193		187
193		199
193		218
193		237
193		246
193		269
193		274
193		280
193		282
193		286
193		294
193		300
193		310
193		313
193		333
193		343
193		347
193		354
193		366
193		402
193		403
193		405
193		412
193		476
193		487
194		8
194		9
194		13
194		15
194		22
194		28
194		29
194		31
194		50
194		67
194		69
194		72
194		73
194		76
194		78
194		79
194		81
194		86
194		87
194		88
194		89
194		90
194		91
194		97
194		100
194		118
194		121
194		125
194		133
194		134
194		135
194		136
194		143
194		154
194		155
194		157
194		159
194		167
194		168
194		173
194		174
194		177
194		178
194		179
194		182
194		183
194		186
194		194
194		197
194		199
194		204
194		208
194		209
194		211
194		219
194		223
194		225
194		228
194		229
194		230
194		238
194		241
194		265
194		276
194		282
194		294
194		318
194		356
194		357
194		367
194		371
194		376
194		380
194		387
194		393
194		399
194		402
194		403
194		405
194		414
194		419
194		423
194		432
194		435
194		449
194		456
194		465
194		467
194		474
194		481
194		483
194		485
194		488
194		491
194		496
194		498
195		47
195		59
195		60
195		93
195		109
195		127
195		134
195		135
195		143
195		152
195		198
195		234
195		242
195		264
195		276
195		313
195		326
195		358
195		366
195		373
195		384
195		386
195		413
195		431
195		433
195		451
196		13
196		66
196		70
196		108
196		110
196		116
196		153
196		173
196		202
196		257
196		269
196		285
196		287
196		340
196		382
196		411
197		2
197		4
197		11
197		22
197		29
197		38
197		39
197		50
197		56
197		82
197		172
197		177
197		182
197		183
197		184
197		188
197		227
197		228
197		230
197		232
197		241
197		245
197		265
197		272
197		306
197		307
197		311
197		322
197		326
197		332
197		333
197		354
197		373
197		399
197		403
197		435
198		1
198		4
198		6
198		25
198		27
198		31
198		50
198		55
198		56
198		64
198		69
198		70
198		71
198		73
198		81
198		89
198		93
198		96
198		98
198		101
198		108
198		117
198		121
198		122
198		127
198		128
198		131
198		132
198		137
198		143
198		151
198		153
198		161
198		164
198		168
198		173
198		181
198		185
198		186
198		187
198		191
198		195
198		198
198		200
198		201
198		204
198		208
198		210
198		215
198		216
198		222
198		229
198		230
198		237
198		238
198		248
198		265
198		276
198		291
198		298
198		300
198		343
198		356
198		367
198		369
198		382
198		403
198		405
198		411
198		423
198		428
198		431
198		433
198		434
198		447
198		462
198		470
198		474
198		475
198		480
199		1
199		7
199		9
199		14
199		93
199		100
199		116
199		243
199		269
199		313
199		323
199		408
